0 FILE 7130-1 - Snowspeeder.io
0 Untitled Model
0 Name:  7130-1 - Snowspeeder
0 Author:  Samuel HSU
0 CustomBrick
0 NumOfBricks:  184
1 16 0.000000 12.000000 20.000000 1.000000 0.000000 0.000000 0.000000 1.000000 0.000000 0.000000 0.000000 1.000000 base-submodel.ldr
0 NOFILE
0 FILE base-submodel.ldr
0 base-submodel.ldr
0 Name:  base-submodel.ldr
0 Author:  
0 CustomBrick
0 NumOfBricks:  184
1 19 0.000000 -12.000000 -20.000000 0.000000 0.000000 -1.000000 0.000000 1.000000 0.000000 1.000000 0.000000 0.000000 3027.dat
1 19 0.000000 -12.000000 150.000000 1.000000 0.000000 0.000000 0.000000 1.000000 0.000000 0.000000 0.000000 1.000000 3666.dat
0 STEP
1 8 0.000000 -36.000000 150.000000 1.000000 0.000000 0.000000 0.000000 1.000000 0.000000 0.000000 0.000000 1.000000 3039ps2.dat
0 STEP
1 8 -40.000000 -36.000000 150.000000 -1.000000 0.000000 0.000000 0.000000 1.000000 0.000000 0.000000 0.000000 -1.000000 2877.dat
1 8 40.000000 -36.000000 150.000000 -1.000000 0.000000 0.000000 0.000000 1.000000 0.000000 0.000000 0.000000 -1.000000 2877.dat
1 7 0.000000 -20.000000 110.000000 1.000000 0.000000 0.000000 0.000000 1.000000 0.000000 0.000000 0.000000 1.000000 3069b.dat
1 0 0.000000 -20.000000 90.000000 1.000000 0.000000 0.000000 0.000000 1.000000 0.000000 0.000000 0.000000 1.000000 3023.dat
0 STEP
1 8 -40.000000 -36.000000 110.000000 0.000000 0.000000 -1.000000 0.000000 1.000000 0.000000 1.000000 0.000000 0.000000 3002.dat
1 8 40.000000 -36.000000 110.000000 0.000000 0.000000 -1.000000 0.000000 1.000000 0.000000 1.000000 0.000000 0.000000 3002.dat
1 8 0.000000 -36.000000 50.000000 -1.000000 0.000000 0.000000 0.000000 1.000000 0.000000 0.000000 0.000000 -1.000000 3039.dat
0 STEP
1 7 -40.000000 -36.000000 60.000000 1.000000 0.000000 0.000000 0.000000 1.000000 0.000000 0.000000 0.000000 1.000000 3003.dat
1 7 40.000000 -36.000000 60.000000 1.000000 0.000000 0.000000 0.000000 1.000000 0.000000 0.000000 0.000000 1.000000 3003.dat
0 STEP
1 7 0.000000 -20.000000 20.000000 1.000000 0.000000 0.000000 0.000000 1.000000 0.000000 0.000000 0.000000 1.000000 2445.dat
0 STEP
1 0 0.000000 -28.000000 20.000000 1.000000 0.000000 0.000000 0.000000 1.000000 0.000000 0.000000 0.000000 1.000000 3068b.dat
1 0 -30.000000 -28.000000 20.000000 0.000000 0.000000 -1.000000 0.000000 1.000000 0.000000 1.000000 0.000000 0.000000 3023.dat
1 0 30.000000 -28.000000 20.000000 0.000000 0.000000 -1.000000 0.000000 1.000000 0.000000 1.000000 0.000000 0.000000 3023.dat
0 STEP
1 1 -30.000000 -36.000000 20.000000 0.000000 0.000000 -1.000000 0.000000 1.000000 0.000000 1.000000 0.000000 0.000000 3023.dat
1 1 30.000000 -36.000000 20.000000 0.000000 0.000000 -1.000000 0.000000 1.000000 0.000000 1.000000 0.000000 0.000000 3023.dat
1 8 -50.000000 -44.000000 20.000000 0.000000 0.000000 1.000000 0.000000 1.000000 0.000000 -1.000000 0.000000 0.000000 30363.dat
1 8 50.000000 -44.000000 20.000000 0.000000 0.000000 -1.000000 0.000000 1.000000 0.000000 1.000000 0.000000 0.000000 30363.dat
0 STEP
1 0 0.000000 -36.000000 -10.000000 1.000000 0.000000 0.000000 0.000000 1.000000 0.000000 0.000000 0.000000 1.000000 3298.dat
1 7 0.000000 -20.000000 -70.000000 1.000000 0.000000 0.000000 0.000000 1.000000 0.000000 0.000000 0.000000 1.000000 3069b.dat
0 STEP
1 7 -40.000000 -36.000000 -40.000000 0.000000 0.000000 -1.000000 0.000000 1.000000 0.000000 1.000000 0.000000 0.000000 3001.dat
1 7 40.000000 -36.000000 -40.000000 0.000000 0.000000 -1.000000 0.000000 1.000000 0.000000 1.000000 0.000000 0.000000 3001.dat
0 STEP
1 7 0.000000 -20.000000 -100.000000 1.000000 0.000000 0.000000 0.000000 1.000000 0.000000 0.000000 0.000000 1.000000 2445.dat
0 STEP
1 0 -30.000000 -44.000000 -110.000000 1.000000 0.000000 0.000000 0.000000 1.000000 0.000000 0.000000 0.000000 1.000000 2357.dat
1 0 30.000000 -44.000000 -110.000000 0.000000 0.000000 -1.000000 0.000000 1.000000 0.000000 1.000000 0.000000 0.000000 2357.dat
0 STEP
1 8 -50.000000 -44.000000 -100.000000 0.000000 0.000000 1.000000 0.000000 1.000000 0.000000 -1.000000 0.000000 0.000000 30363.dat
1 8 50.000000 -44.000000 -100.000000 0.000000 0.000000 -1.000000 0.000000 1.000000 0.000000 1.000000 0.000000 0.000000 30363.dat
0 STEP
1 7 0.000000 -36.000000 -140.000000 1.000000 0.000000 0.000000 0.000000 1.000000 0.000000 0.000000 0.000000 1.000000 2456.dat
0 STEP
1 7 -20.000000 -36.000000 -170.000000 1.000000 0.000000 0.000000 0.000000 1.000000 0.000000 0.000000 0.000000 1.000000 3660.dat
1 7 20.000000 -36.000000 -170.000000 1.000000 0.000000 0.000000 0.000000 1.000000 0.000000 0.000000 0.000000 1.000000 3660.dat
0 STEP
1 7 -50.000000 -36.000000 -170.000000 1.000000 0.000000 0.000000 0.000000 1.000000 0.000000 0.000000 0.000000 1.000000 4287.dat
1 7 50.000000 -36.000000 -170.000000 1.000000 0.000000 0.000000 0.000000 1.000000 0.000000 0.000000 0.000000 1.000000 4287.dat
0 STEP
1 8 -20.000000 -60.000000 150.000000 -1.000000 0.000000 0.000000 0.000000 1.000000 0.000000 0.000000 0.000000 -1.000000 3937.dat
1 8 20.000000 -60.000000 150.000000 -1.000000 0.000000 0.000000 0.000000 1.000000 0.000000 0.000000 0.000000 -1.000000 3937.dat
1 7 -20.000000 -60.000000 150.000000 1.000000 0.000000 0.000000 0.000000 1.000000 0.000000 0.000000 0.000000 1.000000 3938.dat
1 7 20.000000 -60.000000 150.000000 1.000000 0.000000 0.000000 0.000000 1.000000 0.000000 0.000000 0.000000 1.000000 3938.dat
0 STEP
1 7 -50.000000 -60.000000 130.000000 0.000000 0.000000 -1.000000 0.000000 1.000000 0.000000 1.000000 0.000000 0.000000 3622.dat
1 7 50.000000 -60.000000 130.000000 0.000000 0.000000 -1.000000 0.000000 1.000000 0.000000 1.000000 0.000000 0.000000 3622.dat
0 STEP
1 7 30.000000 -60.000000 100.000000 0.000000 0.000000 1.000000 0.000000 1.000000 0.000000 -1.000000 0.000000 0.000000 4865a.dat
1 7 -30.000000 -60.000000 100.000000 0.000000 0.000000 -1.000000 0.000000 1.000000 0.000000 1.000000 0.000000 0.000000 4865a.dat
1 0 -30.000000 -44.000000 70.000000 1.000000 0.000000 0.000000 0.000000 1.000000 0.000000 0.000000 0.000000 1.000000 3024.dat
1 0 30.000000 -44.000000 70.000000 1.000000 0.000000 0.000000 0.000000 1.000000 0.000000 0.000000 0.000000 1.000000 3024.dat
0 STEP
1 8 -30.000000 -68.000000 70.000000 1.000000 0.000000 0.000000 0.000000 1.000000 0.000000 0.000000 0.000000 1.000000 3062b.dat
1 8 30.000000 -68.000000 70.000000 1.000000 0.000000 0.000000 0.000000 1.000000 0.000000 0.000000 0.000000 1.000000 3062b.dat
0 STEP
1 8 0.000000 -60.000000 50.000000 -1.000000 0.000000 0.000000 0.000000 1.000000 0.000000 0.000000 0.000000 -1.000000 2877.dat
1 7 -30.000000 -60.000000 50.000000 0.000000 0.000000 1.000000 0.000000 1.000000 0.000000 -1.000000 0.000000 0.000000 3040b.dat
1 7 30.000000 -60.000000 50.000000 0.000000 0.000000 -1.000000 0.000000 1.000000 0.000000 1.000000 0.000000 0.000000 3040b.dat
0 STEP
1 0 -30.000000 -60.000000 20.000000 0.000000 0.000000 -1.000000 0.000000 1.000000 0.000000 1.000000 0.000000 0.000000 3004.dat
1 0 30.000000 -60.000000 20.000000 0.000000 0.000000 -1.000000 0.000000 1.000000 0.000000 1.000000 0.000000 0.000000 3004.dat
1 19 -30.000000 -76.000000 70.000000 1.000000 0.000000 0.000000 0.000000 1.000000 0.000000 0.000000 0.000000 1.000000 3070b.dat
1 19 30.000000 -76.000000 70.000000 1.000000 0.000000 0.000000 0.000000 1.000000 0.000000 0.000000 0.000000 1.000000 3070b.dat
0 STEP
1 8 0.000000 -60.000000 -10.000000 1.000000 0.000000 0.000000 0.000000 1.000000 0.000000 0.000000 0.000000 1.000000 2877.dat
1 7 -50.000000 -84.000000 80.000000 0.000000 0.000000 1.000000 0.000000 1.000000 0.000000 -1.000000 0.000000 0.000000 4864b.dat
1 7 50.000000 -84.000000 80.000000 0.000000 0.000000 -1.000000 0.000000 1.000000 0.000000 1.000000 0.000000 0.000000 4864b.dat
1 8 -50.000000 -84.000000 110.000000 -1.000000 0.000000 0.000000 0.000000 1.000000 0.000000 0.000000 0.000000 -1.000000 4286.dat
1 8 50.000000 -84.000000 110.000000 -1.000000 0.000000 0.000000 0.000000 1.000000 0.000000 0.000000 0.000000 -1.000000 4286.dat
0 STEP
1 8 -30.000000 -60.000000 -20.000000 0.000000 0.000000 1.000000 0.000000 1.000000 0.000000 -1.000000 0.000000 0.000000 3039.dat
1 8 30.000000 -60.000000 -20.000000 0.000000 0.000000 -1.000000 0.000000 1.000000 0.000000 1.000000 0.000000 0.000000 3039.dat
1 8 -40.000000 -44.000000 -60.000000 1.000000 0.000000 0.000000 0.000000 1.000000 0.000000 0.000000 0.000000 1.000000 3022.dat
1 8 40.000000 -44.000000 -60.000000 1.000000 0.000000 0.000000 0.000000 1.000000 0.000000 0.000000 0.000000 1.000000 3022.dat
0 STEP
1 7 30.000000 -68.000000 -50.000000 0.000000 0.000000 1.000000 0.000000 1.000000 0.000000 -1.000000 0.000000 0.000000 6231.dat
1 7 30.000000 -68.000000 -110.000000 -1.000000 0.000000 0.000000 0.000000 1.000000 0.000000 0.000000 0.000000 -1.000000 6231.dat
1 7 -30.000000 -68.000000 -110.000000 0.000000 0.000000 -1.000000 0.000000 1.000000 0.000000 1.000000 0.000000 0.000000 6231.dat
1 7 -30.000000 -68.000000 -50.000000 1.000000 0.000000 0.000000 0.000000 1.000000 0.000000 0.000000 0.000000 1.000000 6231.dat
1 7 30.000000 -68.000000 -80.000000 0.000000 0.000000 1.000000 0.000000 1.000000 0.000000 -1.000000 0.000000 0.000000 4865a.dat
1 7 -30.000000 -68.000000 -80.000000 0.000000 0.000000 -1.000000 0.000000 1.000000 0.000000 1.000000 0.000000 0.000000 4865a.dat
1 8 0.000000 -44.000000 -160.000000 0.000000 0.000000 -1.000000 0.000000 1.000000 0.000000 1.000000 0.000000 0.000000 3020.dat
0 STEP
1 8 0.000000 -68.000000 -130.000000 -1.000000 0.000000 0.000000 0.000000 1.000000 0.000000 0.000000 0.000000 -1.000000 3039ps2.dat
1 7 0.000000 -68.000000 -150.000000 1.000000 0.000000 0.000000 0.000000 1.000000 0.000000 0.000000 0.000000 1.000000 30363ps1.dat
0 STEP
1 7 -30.000000 -60.000000 -150.000000 0.000000 0.000000 1.000000 0.000000 1.000000 0.000000 -1.000000 0.000000 0.000000 3038.dat
1 7 30.000000 -60.000000 -150.000000 0.000000 0.000000 -1.000000 0.000000 1.000000 0.000000 1.000000 0.000000 0.000000 3038.dat
1 7 -30.000000 -68.000000 -30.000000 1.000000 0.000000 0.000000 0.000000 1.000000 0.000000 0.000000 0.000000 1.000000 3024.dat
1 7 30.000000 -68.000000 -30.000000 1.000000 0.000000 0.000000 0.000000 1.000000 0.000000 0.000000 0.000000 1.000000 3024.dat
0 STEP
1 7 30.000000 -68.000000 -140.000000 0.000000 0.000000 1.000000 0.000000 1.000000 0.000000 -1.000000 0.000000 0.000000 3069bps1.dat
1 7 -30.000000 -68.000000 -140.000000 0.000000 0.000000 -1.000000 0.000000 1.000000 0.000000 1.000000 0.000000 0.000000 3069bps1.dat
1 7 30.000000 -60.000000 -190.000000 1.000000 0.000000 0.000000 0.000000 1.000000 0.000000 0.000000 0.000000 1.000000 3045.dat
1 7 -30.001000 -60.000000 -190.001000 0.000000 0.000000 1.000000 0.000000 1.000000 0.000000 -1.000000 0.000000 0.000000 3045.dat
0 STEP
1 8 20.000000 -84.000000 50.000000 1.000000 0.000000 0.000000 0.000000 1.000000 0.000000 0.000000 0.000000 1.000000 30364.dat
1 8 20.000000 -84.000000 -10.000000 1.000000 0.000000 0.000000 0.000000 1.000000 0.000000 0.000000 0.000000 1.000000 30364.dat
1 8 -20.000000 -84.000000 -10.000000 -1.000000 0.000000 0.000000 0.000000 1.000000 0.000000 0.000000 0.000000 -1.000000 30364.dat
1 8 -20.000000 -84.000000 50.000000 -1.000000 0.000000 0.000000 0.000000 1.000000 0.000000 0.000000 0.000000 -1.000000 30364.dat
1 8 -30.000000 -84.000000 20.000000 0.000000 0.000000 1.000000 0.000000 1.000000 0.000000 -1.000000 0.000000 0.000000 2877.dat
1 8 30.000000 -84.000000 20.000000 0.000000 0.000000 -1.000000 0.000000 1.000000 0.000000 1.000000 0.000000 0.000000 2877.dat
0 STEP
1 8 -50.000000 -92.000000 50.000000 1.000000 0.000000 0.000000 0.000000 1.000000 0.000000 0.000000 0.000000 1.000000 2420.dat
1 8 50.000000 -92.000000 50.000000 0.000000 0.000000 -1.000000 0.000000 1.000000 0.000000 1.000000 0.000000 0.000000 2420.dat
1 0 0.000000 -92.000000 50.000000 1.000000 0.000000 0.000000 0.000000 1.000000 0.000000 0.000000 0.000000 1.000000 3023.dat
1 8 50.000000 -92.000000 100.000000 0.000000 0.000000 -1.000000 0.000000 1.000000 0.000000 1.000000 0.000000 0.000000 3794a.dat
1 8 -50.000000 -92.000000 100.000000 0.000000 0.000000 -1.000000 0.000000 1.000000 0.000000 1.000000 0.000000 0.000000 3794a.dat
0 STEP
1 19 30.000000 -92.000000 10.000000 0.000000 0.000000 1.000000 0.000000 1.000000 0.000000 -1.000000 0.000000 0.000000 3623.dat
1 19 -30.000000 -92.000000 10.000000 0.000000 0.000000 1.000000 0.000000 1.000000 0.000000 -1.000000 0.000000 0.000000 3623.dat
1 7 0.000000 -92.000000 -10.000000 1.000000 0.000000 0.000000 0.000000 1.000000 0.000000 0.000000 0.000000 1.000000 3069b.dat
1 7 0.000000 -116.000000 50.000000 1.000000 0.000000 0.000000 0.000000 1.000000 0.000000 0.000000 0.000000 1.000000 3010.dat
0 STEP
1 7 -20.000000 -68.000000 130.000000 1.000000 0.000000 0.000000 0.000000 1.000000 0.000000 0.000000 0.000000 1.000000 7130 - rear cockpit.ldr
0 STEP
1 8 30.000000 -116.000000 20.000000 0.000000 0.000000 1.000000 0.000000 1.000000 0.000000 -1.000000 0.000000 0.000000 30364.dat
1 8 -30.000000 -116.000000 20.000000 0.000000 0.000000 1.000000 0.000000 1.000000 0.000000 -1.000000 0.000000 0.000000 30364.dat
1 40 0.000000 -106.200000 -10.200000 1.000000 0.000000 0.000000 0.000000 1.000000 0.000000 0.000000 0.000000 1.000000 30372p79.dat
0 STEP
1 8 -30.000000 -124.000000 50.000000 0.000000 0.000000 1.000000 0.000000 1.000000 0.000000 -1.000000 0.000000 0.000000 2420.dat
1 8 30.000000 -124.000000 50.000000 -1.000000 0.000000 0.000000 0.000000 1.000000 0.000000 0.000000 0.000000 -1.000000 2420.dat
0 STEP
1 7 110.420000 -36.134000 -100.000000 0.933580 -0.358368 0.000000 0.358368 0.933580 0.000000 0.000000 0.000000 1.000000 30355.dat
1 7 110.420000 -36.134000 60.000000 0.933580 -0.358368 0.000000 0.358368 0.933580 0.000000 0.000000 0.000000 1.000000 3032.dat
0 STEP
1 8 91.013430 -69.290950 20.000000 0.933580 -0.358368 0.000000 0.358368 0.933580 0.000000 0.000000 0.000000 1.000000 3002.dat
0 STEP
1 7 81.677630 -72.874640 -10.000000 -0.933580 -0.358368 0.000000 -0.358368 0.933580 0.000000 0.000000 0.000000 -1.000000 30365.dat
1 7 81.677630 -72.874640 50.000000 -0.933580 -0.358368 0.000000 -0.358368 0.933580 0.000000 0.000000 0.000000 -1.000000 30365.dat
1 7 128.356600 -54.956240 20.000000 0.000000 -0.358368 -0.933580 0.000000 0.933580 -0.358368 1.000000 0.000000 0.000000 3298.dat
0 STEP
1 8 109.685000 -62.123600 50.000000 0.933580 -0.358368 0.000000 0.358368 0.933580 0.000000 0.000000 0.000000 1.000000 3062b.dat
1 19 113.286900 -43.602640 -20.000000 0.933580 -0.358368 0.000000 0.358368 0.933580 0.000000 0.000000 0.000000 1.000000 3022.dat
0 STEP
1 25 128.356600 -54.956240 50.000000 0.000000 -0.358368 -0.933580 0.000000 0.933580 -0.358368 1.000000 0.000000 0.000000 4286.dat
1 8 121.887800 -66.008560 -20.000000 0.000000 -0.358368 0.933580 0.000000 0.933580 0.358368 -1.000000 0.000000 0.000000 30165.dat
1 7 66.607940 -61.521040 -100.000000 0.000000 -0.358368 -0.933580 0.000000 0.933580 -0.358368 1.000000 0.000000 0.000000 4162.dat
0 STEP
1 25 66.607940 -61.521040 -200.000000 0.000000 -0.358368 -0.933580 0.000000 0.933580 -0.358368 1.000000 0.000000 0.000000 2412b.dat
1 7 109.685000 -62.123600 -50.000000 0.000000 -0.358368 0.933580 0.000000 0.933580 0.358368 -1.000000 0.000000 0.000000 3040b.dat
1 7 128.356600 -54.956240 -50.000000 0.000000 -0.358368 -0.933580 0.000000 0.933580 -0.358368 1.000000 0.000000 0.000000 3040b.dat
1 8 113.286900 -43.602640 -70.000000 0.933580 -0.358368 0.000000 0.358368 0.933580 0.000000 0.000000 0.000000 1.000000 3794a.dat
1 8 113.286900 -43.602640 -90.000000 0.933580 -0.358368 0.000000 0.358368 0.933580 0.000000 0.000000 0.000000 1.000000 3794a.dat
0 STEP
1 8 75.208780 -83.926960 20.000000 0.000000 -0.358368 -0.933580 0.000000 0.933580 -0.358368 1.000000 0.000000 0.000000 2431.dat
1 7 93.880380 -76.759600 10.000000 0.000000 -0.358368 -0.933580 0.000000 0.933580 -0.358368 1.000000 0.000000 0.000000 3623.dat
0 STEP
1 8 121.887800 -66.008560 -50.000000 0.933580 -0.358368 0.000000 0.358368 0.933580 0.000000 0.000000 0.000000 1.000000 3794a.dat
1 8 121.887800 -66.008560 10.000000 0.933580 -0.358368 0.000000 0.358368 0.933580 0.000000 0.000000 0.000000 1.000000 3794a.dat
0 STEP
1 25 131.223600 -62.424880 40.000000 0.000000 -0.358368 -0.933580 0.000000 0.933580 -0.358368 1.000000 0.000000 0.000000 2412b.dat
1 0 112.552000 -69.592240 30.000000 0.933580 -0.358368 0.000000 0.358368 0.933580 0.000000 0.000000 0.000000 1.000000 3024.dat
0 STEP
1 0 103.216200 -73.175920 50.000000 -0.933580 -0.358368 0.000000 -0.358368 0.933580 0.000000 0.000000 0.000000 -1.000000 7130 - wing left rear end.ldr
0 STEP
1 19 106.083100 -80.644560 40.000000 0.933580 -0.358368 0.000000 0.358368 0.933580 0.000000 0.000000 0.000000 1.000000 3068bps1.dat
1 8 124.754700 -73.477200 -20.000000 0.000000 -0.358368 -0.933580 0.000000 0.933580 -0.358368 1.000000 0.000000 0.000000 2431.dat
0 STEP
1 8 121.887800 -66.008560 -80.000000 0.933580 -0.358368 0.000000 0.358368 0.933580 0.000000 0.000000 0.000000 1.000000 30359a.dat
0 STEP
1 7 -110.448000 -36.143000 -100.000000 0.933580 0.358368 0.000000 -0.358368 0.933580 0.000000 0.000000 0.000000 1.000000 30356.dat
1 7 -110.448000 -36.143000 60.000000 0.933580 0.358368 0.000000 -0.358368 0.933580 0.000000 0.000000 0.000000 1.000000 3032.dat
0 STEP
1 7 -128.384600 -54.965240 20.000000 0.000000 0.358368 0.933580 0.000000 0.933580 -0.358368 -1.000000 0.000000 0.000000 3298.dat
0 STEP
1 8 -91.041430 -69.299960 20.000000 0.933580 0.358368 0.000000 -0.358368 0.933580 0.000000 0.000000 0.000000 1.000000 3002.dat
1 25 -128.384600 -54.965240 50.000000 0.000000 0.358368 0.933580 0.000000 0.933580 -0.358368 -1.000000 0.000000 0.000000 4286.dat
0 STEP
1 19 -113.314900 -43.611640 -20.000000 0.933580 0.358368 0.000000 -0.358368 0.933580 0.000000 0.000000 0.000000 1.000000 3022.dat
1 8 -141.322300 -32.860600 -20.000000 0.000000 0.358368 -0.933580 0.000000 0.933580 0.358368 1.000000 0.000000 0.000000 2412b.dat
0 STEP
1 8 -109.713000 -62.132600 50.000000 0.933580 0.358368 0.000000 -0.358368 0.933580 0.000000 0.000000 0.000000 1.000000 3062b.dat
1 8 -121.915800 -66.017560 -20.000000 0.000000 0.358368 -0.933580 0.000000 0.933580 0.358368 1.000000 0.000000 0.000000 30165.dat
0 STEP
1 7 -81.705630 -72.883640 -10.000000 0.933580 0.358368 0.000000 -0.358368 0.933580 0.000000 0.000000 0.000000 1.000000 30365.dat
1 7 -81.705630 -72.883640 50.000000 0.933580 0.358368 0.000000 -0.358368 0.933580 0.000000 0.000000 0.000000 1.000000 30365.dat
0 STEP
1 7 -128.384600 -54.965240 -50.000000 0.000000 0.358368 0.933580 0.000000 0.933580 -0.358368 -1.000000 0.000000 0.000000 3040b.dat
1 7 -109.713000 -62.132600 -50.000000 0.000000 0.358368 -0.933580 0.000000 0.933580 0.358368 1.000000 0.000000 0.000000 3040b.dat
0 STEP
1 7 -66.635940 -61.530040 -100.000000 0.000000 0.358368 -0.933580 0.000000 0.933580 0.358368 1.000000 0.000000 0.000000 4162.dat
1 8 -113.314900 -43.611640 -70.000000 0.933580 0.358368 0.000000 -0.358368 0.933580 0.000000 0.000000 0.000000 1.000000 3794a.dat
1 8 -113.314900 -43.611640 -90.000000 0.933580 0.358368 0.000000 -0.358368 0.933580 0.000000 0.000000 0.000000 1.000000 3794a.dat
0 STEP
1 25 -66.635940 -61.530040 -200.000000 0.000000 0.358368 -0.933580 0.000000 0.933580 0.358368 1.000000 0.000000 0.000000 2412b.dat
1 25 -131.251600 -62.433880 40.000000 0.000000 0.358368 -0.933580 0.000000 0.933580 0.358368 1.000000 0.000000 0.000000 2412b.dat
1 0 -112.580000 -69.601230 30.000000 0.933580 0.358368 0.000000 -0.358368 0.933580 0.000000 0.000000 0.000000 1.000000 3024.dat
0 STEP
1 8 -121.915800 -66.017560 10.000000 0.933580 0.358368 0.000000 -0.358368 0.933580 0.000000 0.000000 0.000000 1.000000 3794a.dat
1 8 -121.915800 -66.017560 -50.000000 0.933580 0.358368 0.000000 -0.358368 0.933580 0.000000 0.000000 0.000000 1.000000 3794a.dat
0 STEP
1 7 -93.908380 -76.768600 10.000000 0.000000 0.358368 -0.933580 0.000000 0.933580 0.358368 1.000000 0.000000 0.000000 3623.dat
1 8 -75.236780 -83.935960 20.000000 0.000000 0.358368 -0.933580 0.000000 0.933580 0.358368 1.000000 0.000000 0.000000 2431.dat
0 STEP
1 8 -103.244200 -73.184920 50.000000 -0.933580 0.358368 0.000000 0.358368 0.933580 0.000000 0.000000 0.000000 -1.000000 7130 - wing right rear end.ldr
0 STEP
1 19 -106.111100 -80.653560 40.000000 -0.933580 0.358368 0.000000 0.358368 0.933580 0.000000 0.000000 0.000000 -1.000000 3068bps1.dat
1 8 -124.782700 -73.486200 -20.000000 0.000000 0.358368 -0.933580 0.000000 0.933580 0.358368 1.000000 0.000000 0.000000 2431.dat
0 STEP
1 8 -121.915800 -66.017560 -80.000000 0.933580 0.358368 0.000000 -0.358368 0.933580 0.000000 0.000000 0.000000 1.000000 30359a.dat
0 STEP
1 8 0.000000 -36.143000 20.000000 1.000000 0.000000 0.000000 0.000000 1.000000 0.000000 0.000000 0.000000 1.000000 3022.dat
0 STEP
1 7 -10.000000 -84.143000 20.000000 0.000000 0.000000 -1.000000 0.000000 1.000000 0.000000 1.000000 0.000000 0.000000 4864b.dat
1 7 10.000000 -84.143000 20.000000 0.000000 0.000000 1.000000 0.000000 1.000000 0.000000 -1.000000 0.000000 0.000000 4864b.dat
0 STEP
1 25 0.000000 -92.143000 30.000000 1.000000 0.000000 0.000000 0.000000 1.000000 0.000000 0.000000 0.000000 1.000000 2412b.dat
0 STEP
1 0 0.000000 -116.143000 10.000000 1.000000 0.000000 0.000000 0.000000 1.000000 0.000000 0.000000 0.000000 1.000000 2432.dat
1 383 0.000000 -73.185000 34.561000 1.000000 0.000000 0.000000 0.000000 0.601815 0.798636 0.000000 -0.798636 0.601815 577b.dat
0 STEP
0 NOFILE
0 FILE 7130 - Rear Cockpit.ldr
0 Rear Cockpit
0 Name:  7130 - Rear Cockpit.ldr
0 Author:  Daniel Goerner [TK-949]
0 CustomBrick
0 NumOfBricks:  12
1 7 0.000000 0.000000 0.000000 0.000000 0.000000 -1.000000 0.000000 1.000000 0.000000 1.000000 0.000000 0.000000 3021.dat
1 7 40.000000 0.000000 0.000000 0.000000 0.000000 -1.000000 0.000000 1.000000 0.000000 1.000000 0.000000 0.000000 3021.dat
0 STEP
1 8 20.000000 -8.000000 -10.000000 1.000000 0.000000 0.000000 0.000000 1.000000 0.000000 0.000000 0.000000 1.000000 3020.dat
1 8 20.000000 -8.000000 20.000000 1.000000 0.000000 0.000000 0.000000 1.000000 0.000000 0.000000 0.000000 1.000000 3710.dat
0 STEP
1 7 20.000000 -16.000000 10.000000 1.000000 0.000000 0.000000 0.000000 1.000000 0.000000 0.000000 0.000000 1.000000 3022.dat
0 STEP
1 0 20.000000 -24.000000 10.000000 1.000000 0.000000 0.000000 0.000000 1.000000 0.000000 0.000000 0.000000 1.000000 3680.dat
1 7 20.000000 -24.000000 10.000000 1.000000 0.000000 0.000000 0.000000 1.000000 0.000000 0.000000 0.000000 1.000000 3679.dat
0 STEP
1 8 20.000000 -32.000000 20.000000 1.000000 0.000000 0.000000 0.000000 1.000000 0.000000 0.000000 0.000000 1.000000 3794a.dat
1 8 20.000000 -32.000000 0.000000 1.000000 0.000000 0.000000 0.000000 1.000000 0.000000 0.000000 0.000000 1.000000 3794a.dat
0 STEP
1 40 20.000000 -40.000000 -40.000000 -1.000000 0.000000 0.000000 0.000000 1.000000 0.000000 0.000000 0.000000 -1.000000 2437.dat
0 STEP
1 7 20.000000 -48.000000 -50.000000 1.000000 0.000000 0.000000 0.000000 1.000000 0.000000 0.000000 0.000000 1.000000 3020.dat
1 0 20.000000 -48.000000 10.000000 -1.000000 0.000000 0.000000 0.000000 1.000000 0.000000 0.000000 0.000000 -1.000000 4595.dat
0 STEP
0 NOFILE
0 FILE 7130 - Wing Left Rear End.ldr
0 Wing Left Rear End
0 Name:  7130 - Wing Left Rear End.ldr
0 Author:  Daniel Goerner [TK-949]
0 CustomBrick
0 NumOfBricks:  8
1 19 0.000000 0.000000 0.000000 1.000000 0.000000 0.000000 0.000000 1.000000 0.000000 0.000000 0.000000 1.000000 2436a.dat
1 25 0.000000 10.000000 -22.000000 -1.000000 0.000000 0.000000 0.000000 0.000000 1.000000 0.000000 1.000000 0.000000 2540.dat
0 STEP
1 8 -30.000000 10.000000 -22.000000 1.000000 0.000000 0.000000 0.000000 0.000000 -1.000000 0.000000 1.000000 0.000000 6141.dat
1 8 30.000000 10.000000 -22.000000 1.000000 0.000000 0.000000 0.000000 0.000000 -1.000000 0.000000 1.000000 0.000000 6141.dat
0 STEP
1 7 0.000000 10.000000 -30.000000 1.000000 0.000000 0.000000 0.000000 0.000000 -1.000000 0.000000 1.000000 0.000000 3710.dat
1 7 20.000000 -10.000000 -20.000000 0.000000 -1.000000 0.000000 0.000000 0.000000 -1.000000 1.000000 0.000000 0.000000 2335.dat
0 STEP
1 25 0.000000 10.000000 -38.000000 1.000000 0.000000 0.000000 0.000000 0.000000 -1.000000 0.000000 1.000000 0.000000 2412b.dat
1 8 -30.000000 10.000000 -54.000000 1.000000 0.000000 0.000000 0.000000 0.000000 -1.000000 0.000000 1.000000 0.000000 3062b.dat
0 STEP
0 NOFILE
0 FILE 7130 - Wing Right Rear End.ldr
0 Wing Right Rear End
0 Name:  7130 - Wing Right Rear End.ldr
0 Author:  Daniel Goerner [TK-949]
0 CustomBrick
0 NumOfBricks:  8
1 19 0.000000 0.000000 0.000000 1.000000 0.000000 0.000000 0.000000 1.000000 0.000000 0.000000 0.000000 1.000000 2436a.dat
1 25 0.000000 10.000000 -22.000000 -1.000000 0.000000 0.000000 0.000000 0.000000 1.000000 0.000000 1.000000 0.000000 2540.dat
0 STEP
1 8 -30.000000 10.000000 -22.000000 1.000000 0.000000 0.000000 0.000000 0.000000 -1.000000 0.000000 1.000000 0.000000 6141.dat
1 8 30.000000 10.000000 -22.000000 1.000000 0.000000 0.000000 0.000000 0.000000 -1.000000 0.000000 1.000000 0.000000 6141.dat
0 STEP
1 7 0.000000 10.000000 -30.000000 1.000000 0.000000 0.000000 0.000000 0.000000 -1.000000 0.000000 1.000000 0.000000 3710.dat
1 7 20.000000 -10.000000 -20.000000 0.000000 -1.000000 0.000000 0.000000 0.000000 -1.000000 1.000000 0.000000 0.000000 2335.dat
0 STEP
1 25 0.000000 10.000000 -38.000000 1.000000 0.000000 0.000000 0.000000 0.000000 -1.000000 0.000000 1.000000 0.000000 2412b.dat
1 8 30.000000 10.000000 -54.000000 1.000000 0.000000 0.000000 0.000000 0.000000 -1.000000 0.000000 1.000000 0.000000 3062b.dat
0 STEP
0 NOFILE
