0 FILE 7128-1 - Speeder Bike.io
0 Untitled Model
0 Name:  7128-1 - Speeder Bike
0 Author:  Samuel HSU
0 CustomBrick
0 NumOfBricks:  31
1 16 0.000030 4.000000 -180.000000 0.000000 0.000000 -1.000000 0.000000 1.000000 0.000000 1.000000 0.000000 0.000000 base-submodel.ldr
0 NOFILE
0 FILE base-submodel.ldr
0 base-submodel.ldr
0 Name:  base-submodel.ldr
0 Author:  
0 CustomBrick
0 NumOfBricks:  31
1 8 -100.000000 -36.000000 0.000000 0.000000 0.000000 -1.000000 0.000000 1.000000 0.000000 1.000000 0.000000 0.000000 3022.dat
1 6 40.000000 -36.000000 0.000000 0.000000 0.000000 -1.000000 0.000000 1.000000 0.000000 1.000000 0.000000 0.000000 4032a.dat
0 STEP
1 0 -40.000000 -44.000000 0.000000 -1.000000 0.000000 0.000000 0.000000 1.000000 0.000000 0.000000 0.000000 -1.000000 3034.dat
0 STEP
1 8 50.000000 -44.000000 0.000000 0.000000 0.000000 -1.000000 0.000000 1.000000 0.000000 1.000000 0.000000 0.000000 2540.dat
0 STEP
1 8 40.000000 -68.000000 -10.000000 0.000000 0.000000 -1.000000 0.000000 1.000000 0.000000 1.000000 0.000000 0.000000 30359a.dat
1 8 40.000000 -68.000000 10.000000 0.000000 0.000000 -1.000000 0.000000 1.000000 0.000000 1.000000 0.000000 0.000000 30359a.dat
1 8 -100.000000 -52.000000 0.000000 0.000000 0.000000 -1.000000 0.000000 1.000000 0.000000 1.000000 0.000000 0.000000 3022.dat
0 STEP
1 6 -130.000000 -76.000000 0.000000 0.000000 0.000000 -1.000000 0.000000 1.000000 0.000000 1.000000 0.000000 0.000000 2399.dat
1 0 -110.000000 -76.000000 0.000000 0.000000 0.000000 -1.000000 0.000000 1.000000 0.000000 1.000000 0.000000 0.000000 3794a.dat
0 STEP
1 6 -20.000000 -76.000000 0.000000 0.000000 0.000000 1.000000 0.000000 1.000000 0.000000 -1.000000 0.000000 0.000000 4732.dat
0 STEP
1 8 -10.000000 -60.000000 -10.000000 1.000000 0.000000 0.000000 0.000000 1.000000 0.000000 0.000000 0.000000 1.000000 4085b.dat
1 8 -10.000000 -60.000000 10.000000 -1.000000 0.000000 0.000000 0.000000 1.000000 0.000000 0.000000 0.000000 -1.000000 4085b.dat
1 7 -30.000000 -60.000000 0.000000 0.000000 0.000000 -1.000000 0.000000 1.000000 0.000000 1.000000 0.000000 0.000000 3023.dat
0 STEP
1 8 -70.000000 -84.000000 0.000000 0.000000 0.000000 -1.000000 0.000000 1.000000 0.000000 1.000000 0.000000 0.000000 2412b.dat
1 8 -110.000000 -76.000000 0.000000 0.000000 0.000000 -1.000000 0.000000 1.000000 0.000000 1.000000 0.000000 0.000000 2524.dat
1 6 -10.000000 -84.000000 0.000000 0.000000 0.000000 1.000000 0.000000 1.000000 0.000000 -1.000000 0.000000 0.000000 3039.dat
0 STEP
1 0 10.000000 -84.000000 0.000000 0.000000 0.000000 -1.000000 0.000000 1.000000 0.000000 1.000000 0.000000 0.000000 3794a.dat
1 8 10.000000 -92.000000 0.000000 -1.000000 0.000000 0.000000 0.000000 1.000000 0.000000 0.000000 0.000000 -1.000000 2555.dat
0 STEP
1 6 30.000000 -100.000000 0.000000 0.000000 0.000000 -1.000000 0.000000 1.000000 0.000000 1.000000 0.000000 0.000000 3048b.dat
1 0 10.000000 -100.000000 0.000000 0.000000 0.731354 -0.681998 0.000000 0.681998 0.731354 1.000000 0.000000 0.000000 30031.dat
1 0 -10.000000 -44.000000 -30.000000 0.000000 0.000000 -1.000000 0.000000 -1.000000 0.000000 -1.000000 0.000000 0.000000 4349.dat
0 STEP
1 0 178.000000 -58.000000 -10.000000 0.000000 1.000000 0.000000 0.500000 0.000000 0.866025 0.866025 0.000000 -0.500000 2433.dat
1 0 178.000000 -58.000000 10.000000 0.000000 1.000000 0.000000 -0.500000 0.000000 0.866025 0.866025 0.000000 0.500000 2433.dat
1 6 198.000000 -57.747010 -9.568000 0.000000 -1.000000 0.000000 0.866025 0.000000 0.500000 -0.500000 0.000000 0.866025 30259.dat
1 6 198.000000 -57.747010 9.566999 0.000000 -1.000000 0.000000 -0.866025 0.000000 0.500000 -0.500000 0.000000 -0.866025 30259.dat
0 STEP
1 8 -72.000000 -4.000000 30.000000 0.000000 0.000000 -1.000000 0.000000 1.000000 0.000000 1.000000 0.000000 0.000000 6120.dat
1 8 -72.000000 -4.000000 -30.000000 0.000000 0.000000 -1.000000 0.000000 1.000000 0.000000 1.000000 0.000000 0.000000 6120.dat
0 STEP
1 0 -70.000000 -12.000000 0.000000 0.000000 0.000000 -1.000000 0.000000 1.000000 0.000000 1.000000 0.000000 0.000000 3710.dat
0 STEP
1 8 -70.000000 -36.000000 0.000000 0.000000 0.000000 -1.000000 0.000000 1.000000 0.000000 1.000000 0.000000 0.000000 3004.dat
0 STEP
1 0 70.000000 -36.000000 0.000000 1.000000 0.000000 0.000000 0.000000 1.000000 0.000000 0.000000 0.000000 1.000000 2555.dat
1 8 70.000000 -28.000000 0.000000 1.000000 0.000000 0.000000 0.000000 1.000000 0.000000 0.000000 0.000000 1.000000 3062b.dat
0 STEP
0 NOFILE
