0 FILE charIdle.io
0 Untitled Model
0 Name:  charIdle
0 Author:  Samuel HSU
0 CustomBrick
0 NumOfBricks:  11
1 16 0.000000 72.000000 20.000000 1.000000 0.000000 0.000000 0.000000 1.000000 0.000000 0.000000 0.000000 1.000000 charidle-submodel.ldr
0 NOFILE
0 FILE charIdle-submodel.ldr
0 charIdle-submodel.ldr
0 Name:  charIdle-submodel.ldr
0 Author:  
0 CustomBrick
0 NumOfBricks:  11
1 14 -0.000010 -104.000000 11.000050 1.000000 0.000000 0.000000 0.000000 1.000000 0.000000 0.000000 0.000000 1.000000 3626c.dat
0 STEP
1 25 -0.000010 -80.000040 11.000050 1.000000 0.000000 0.000000 0.000000 1.000002 0.000000 0.000000 0.000000 1.000002 973.dat
1 25 15.471800 -71.124340 11.000000 0.985328 0.147805 -0.085336 -0.170671 0.853321 -0.492665 0.000000 0.500001 0.866027 3819.dat
1 25 -15.574610 -71.092830 11.000000 0.985495 -0.153803 0.071719 0.169703 0.893166 -0.416486 0.000000 0.422616 0.906312 3818.dat
1 14 -24.105770 -51.014610 10.419730 0.981051 0.110042 0.159468 0.110041 0.360974 -0.926064 -0.159468 0.926064 0.342025 3820.dat
1 14 24.060080 -50.837980 11.839720 0.985939 -0.027329 -0.164855 -0.151746 0.266716 -0.951755 0.069980 0.963389 0.258820 3820.dat
0 STEP
1 25 -0.000010 -47.999980 11.000050 1.000000 0.000000 0.000000 0.000000 1.000000 0.000000 0.000000 0.000000 1.000000 3815.dat
1 25 0.000000 -36.000010 11.000000 1.000000 0.000000 0.000000 0.000000 1.000002 0.000000 0.000000 0.000000 1.000002 3816.dat
1 25 0.000000 -35.999940 10.999980 1.000000 0.000000 0.000000 0.000000 1.000000 -0.000002 0.000000 0.000002 1.000000 3817.dat
1 7 -0.000010 -104.000000 11.000050 1.000000 0.000000 0.000000 0.000000 1.000000 0.000000 0.000000 0.000000 1.000000 30325.dat
1 0 -0.000010 -97.500040 11.000050 1.000000 0.000000 0.000000 0.000000 0.866025 0.500000 0.000000 -0.500000 0.866025 30170.dat
0 STEP
0 NOFILE
