0 FILE charRun.io
0 Untitled Model
0 Name:  charRun
0 Author:  Samuel HSU
0 CustomBrick
0 NumOfBricks:  11
1 16 0.000000 72.000000 20.000000 1.000000 0.000000 0.000000 0.000000 1.000000 0.000000 0.000000 0.000000 1.000000 charrun-submodel.ldr
0 NOFILE
0 FILE charRun-submodel.ldr
0 charRun-submodel.ldr
0 Name:  charRun-submodel.ldr
0 Author:  
0 CustomBrick
0 NumOfBricks:  11
1 14 -0.000010 -104.000000 11.000050 1.000000 0.000000 0.000000 0.000000 1.000000 0.000000 0.000000 0.000000 1.000000 3626c.dat
0 STEP
1 25 -0.000010 -80.000040 11.000050 1.000000 0.000000 0.000000 0.000000 1.000002 0.000000 0.000000 0.000000 1.000002 973.dat
1 25 15.471800 -71.124340 11.000000 0.985328 0.164855 0.044173 -0.170671 0.951756 0.255021 0.000000 -0.258818 0.965928 3819.dat
1 25 -15.574610 -71.092830 11.000000 0.985495 -0.043923 0.163921 0.169703 0.255071 -0.951917 0.000000 0.965927 0.258826 3818.dat
1 14 -22.893960 -58.051800 26.893750 0.956802 0.250863 0.146967 0.250861 -0.456798 -0.853470 -0.146967 0.853470 -0.499996 3820.dat
1 14 23.088940 -56.444580 -3.576830 0.993447 0.076032 -0.085335 -0.108401 0.863442 -0.492666 0.036224 0.498689 0.866026 3820.dat
0 STEP
1 25 -0.000010 -47.999980 11.000050 1.000000 0.000000 0.000000 0.000000 1.000000 0.000000 0.000000 0.000000 1.000000 3815.dat
1 25 0.000000 -36.000010 11.000000 1.000000 0.000000 0.000000 0.000000 0.866028 0.500000 0.000000 -0.500000 0.866028 3816.dat
1 25 0.000000 -35.999940 10.999980 1.000000 0.000000 0.000000 0.000000 0.866024 -0.500002 0.000000 0.500002 0.866024 3817.dat
1 7 -0.000010 -104.000000 11.000050 1.000000 0.000000 0.000000 0.000000 1.000000 0.000000 0.000000 0.000000 1.000000 30325.dat
1 0 -0.000010 -97.500040 11.000050 1.000000 0.000000 0.000000 0.000000 0.866025 0.500000 0.000000 -0.500000 0.866025 30170.dat
0 STEP
0 NOFILE
