0 FILE charRun.io
0 Untitled Model
0 Name:  charRun
0 Author:  Samuel HSU
0 CustomBrick
0 NumOfBricks:  9
0 STEP
1 16 0.000000 0.000000 -30.000000 1.000000 0.000000 0.000000 0.000000 1.000000 0.000000 0.000000 0.000000 1.000000 charrun-submodel.ldr
0 STEP
0 STEP
0 NOFILE
0 FILE charRun-submodel.ldr
0 charRun-submodel.ldr
0 Name:  charRun-submodel.ldr
0 Author:  
0 CustomBrick
0 NumOfBricks:  9
1 4 0.000000 -40.000000 1.000000 1.000000 0.000000 0.000000 0.000000 1.000000 0.000000 0.000000 0.000000 1.000000 3815.dat
1 4 0.000000 -28.000000 1.000000 1.000000 0.000000 0.000000 0.000000 0.500000 -0.866026 0.000000 0.866026 0.500000 3816.dat
1 4 0.000000 -28.000000 1.000000 1.000000 0.000000 0.000000 0.000000 0.573578 0.819151 0.000000 -0.819151 0.573578 3817.dat
0 STEP
1 4 0.000000 -72.000000 1.000000 1.000000 0.000000 0.000000 0.000000 1.000000 0.000000 0.000000 0.000000 1.000000 973.dat
1 4 15.471800 -63.124300 1.000000 0.985328 0.014874 -0.170022 -0.170671 0.085875 -0.981579 0.000000 0.996195 0.087153 3819.dat
1 4 -15.574600 -63.092800 1.000000 0.985495 -0.146966 -0.084852 0.169703 0.853463 0.492749 0.000000 -0.500001 0.866025 3818.dat
1 14 -22.488410 -52.406650 -16.727260 0.999019 0.005699 0.043922 0.005699 0.966908 -0.255064 -0.043922 0.255063 0.965926 3820.dat
1 14 22.381250 -52.530240 19.056130 0.974791 -0.180803 -0.130740 -0.216108 -0.619329 -0.754805 0.055500 0.764031 -0.642789 3820.dat
1 14 0.000000 -96.000000 1.000000 1.000000 0.000000 0.000000 0.000000 1.000000 0.000000 0.000000 0.000000 1.000000 3626c.dat
0 STEP
0 NOFILE
