0 _Minifig Torso Assembly with Han Solo Pattern (Complete)
0 Name: 4129554.dat
0 Author: Chris Dee [cwdee]
0 !LDRAW_ORG Unofficial_Shortcut
0 !LICENSE Redistributable under CCAL version 2.0 : see CAreadme.txt

1 0 0 0 0 1 0 0 0 1 0 0 0 1 973PS5.DAT
1 19 15.5 8.5 0 0.985 0.174 0 -0.174 0.985 0 0 0 1 3819.DAT
1 19 -15.5 8.5 0 0.985 -0.174 0 0.174 0.985 0 0 0 1 3818.DAT
1 14 0 -24 0 1 0 0 0 1 0 0 0 1 3626bps5.DAT
1 14 -24 26 -10 1 0 0 0 0.707 -0.707 0 0.707 0.707 3820.DAT
1 14 24 26 -10 1 0 0 0 0.707 -0.707 0 0.707 0.707 3820.DAT
0
