0 FILE 66727.dat
0 Wheel 18mm D. x 12mm with Axle Hole and Stud, Dotted Brake Rotor Lines 
0 Name:  66727.dat
0 Author:  
0 BFC CERTIFY CCW
3 16 19.000 0.000 -8.000 11.500 0.000 -8.000 11.500 -9.500 -8.000
3 16 11.500 -9.500 -8.000 13.435 -13.435 -8.000 19.000 0.000 -8.000
3 16 8.000 -17.067 -8.000 13.435 -13.435 -8.000 11.500 -9.500 -8.000
3 16 11.500 -9.500 -8.000 8.000 -9.500 -8.000 8.000 -17.067 -8.000
3 16 8.000 -17.067 -8.000 8.419 -20.326 -10.000 14.142 -14.142 -8.667
3 16 14.142 -14.142 -8.667 13.435 -13.435 -8.000 8.000 -17.067 -8.000
3 16 8.419 -20.326 -10.000 15.556 -15.556 -10.000 14.142 -14.142 -8.667
3 16 8.419 -20.326 -10.000 8.000 -17.067 -8.000 8.000 -20.409 -10.000
3 16 8.000 -8.000 -10.000 8.000 -20.409 -10.000 8.000 -17.067 -8.000
3 16 8.000 -17.067 -8.000 8.000 -8.000 -8.000 8.000 -8.000 -10.000
3 16 8.000 -9.500 -8.000 11.500 -9.500 -8.000 11.500 -9.500 -6.000
3 16 11.500 0.000 -6.000 9.500 0.000 -6.000 9.500 -9.500 -6.000
3 16 9.500 -9.500 -6.000 11.500 -9.500 -6.000 11.500 0.000 -6.000
3 16 -19.000 0.000 -8.000 -13.435 -13.435 -8.000 -11.500 -9.500 -8.000
3 16 -11.500 -9.500 -8.000 -11.500 0.000 -8.000 -19.000 0.000 -8.000
3 16 -11.500 -9.500 -8.000 -13.435 -13.435 -8.000 -8.000 -17.067 -8.000
3 16 -8.000 -17.067 -8.000 -8.000 -9.500 -8.000 -11.500 -9.500 -8.000
3 16 -8.000 -17.067 -8.000 -13.435 -13.435 -8.000 -14.142 -14.142 -8.667
3 16 -14.142 -14.142 -8.667 -15.556 -15.556 -10.000 -8.419 -20.326 -10.000
3 16 -8.419 -20.326 -10.000 -8.000 -17.067 -8.000 -14.142 -14.142 -8.667
3 16 -8.000 -17.067 -8.000 -8.419 -20.326 -10.000 -8.000 -20.409 -10.000
3 16 -8.000 -17.067 -8.000 -8.000 -20.409 -10.000 -8.000 -8.000 -10.000
3 16 -8.000 -8.000 -10.000 -8.000 -8.000 -8.000 -8.000 -17.067 -8.000
3 16 -11.500 -9.500 -8.000 -8.000 -9.500 -8.000 -11.500 -9.500 -6.000
3 16 -11.500 0.000 -6.000 -11.500 -9.500 -6.000 -9.500 -9.500 -6.000
3 16 -9.500 -9.500 -6.000 -9.500 0.000 -6.000 -11.500 0.000 -6.000
3 16 8.419 -20.326 -10.000 8.000 -8.000 -10.000 -8.000 -8.000 -10.000
3 16 -8.000 -8.000 -10.000 -8.419 -20.326 -10.000 8.419 -20.326 -10.000
3 16 -8.000 -9.500 -8.000 8.000 -9.500 -8.000 11.500 -9.500 -6.000
3 16 11.500 -9.500 -6.000 -11.500 -9.500 -6.000 -8.000 -9.500 -8.000
3 16 0.000 -15.000 -12.000 -1.000 -14.250 -12.000 1.000 -14.250 -12.000
3 16 0.000 15.000 -12.000 3.934 13.733 -12.000 -3.934 13.733 -12.000
3 16 1.000 6.750 -12.000 0.000 6.000 -12.000 -1.000 6.750 -12.000
3 16 -1.369 -6.685 -12.000 0.000 -6.000 -12.000 1.369 -6.685 -12.000
2 24 8.000 -9.500 -8.000 8.000 -17.067 -8.000
2 24 8.000 -8.000 -10.000 8.000 -20.409 -10.000
2 24 8.000 -9.500 -8.000 11.500 -9.500 -8.000
2 24 8.000 -17.067 -8.000 8.000 -20.409 -10.000
2 24 8.000 -17.067 -8.000 13.435 -13.435 -8.000
2 24 -8.000 -9.500 -8.000 -8.000 -17.067 -8.000
2 24 -8.000 -8.000 -10.000 -8.000 -20.409 -10.000
2 24 -8.000 -9.500 -8.000 -11.500 -9.500 -8.000
2 24 -8.000 -17.067 -8.000 -8.000 -20.409 -10.000
2 24 -8.000 -17.067 -8.000 -13.435 -13.435 -8.000
2 24 -11.500 -9.500 -6.000 11.500 -9.500 -6.000
1 16 0.0000 0.0000 0.0000 1.0000 0.0000 0.0000 0.0000 0.0000 -1.0000 0.0000 1.0000 0.0000 connhol2.dat
1 16 0.0000 0.0000 10.0000 6.0000 0.0000 0.0000 0.0000 0.0000 6.0000 0.0000 -1.0000 0.0000 4-4ering.dat
1 16 0.0000 0.0000 10.0000 9.2500 0.0000 0.0000 0.0000 0.0000 9.2500 0.0000 -10.0000 0.0000 4-4cylo.dat
1 16 0.0000 0.0000 10.0000 0.2500 0.0000 0.0000 0.0000 0.0000 0.2500 0.0000 -1.0000 0.0000 4-4rin36.dat
0 BFC INVERTNEXT
1 16 0.0000 0.0000 8.0000 18.7500 0.0000 0.0000 0.0000 0.0000 18.7500 0.0000 -8.0000 0.0000 4-4cylo.dat
1 16 0.0000 0.0000 0.0000 9.0000 0.0000 0.0000 0.0000 0.0000 9.0000 0.0000 -1.0000 0.0000 4-4ring1.dat
1 16 0.0000 0.0000 0.0000 0.7500 0.0000 0.0000 0.0000 0.0000 0.7500 0.0000 -1.0000 0.0000 4-4rin24.dat
1 16 0.0000 0.0000 8.0000 1.2500 0.0000 0.0000 0.0000 0.0000 1.2500 0.0000 -1.0000 0.0000 4-4rin15.dat
1 16 0.0000 0.0000 8.0000 2.0000 0.0000 0.0000 0.0000 0.0000 2.0000 0.0000 -1.0000 0.0000 4-4rin10.dat
1 16 0.0000 0.0000 8.0000 22.0000 0.0000 0.0000 0.0000 0.0000 22.0000 0.0000 -10.0000 0.0000 4-4cylo.dat
1 16 0.0000 0.0000 -4.0000 19.0000 0.0000 0.0000 0.0000 0.0000 19.0000 0.0000 -1.0000 0.0000 4-4edge.dat
1 16 0.0000 0.0000 -2.0000 2.0000 0.0000 0.0000 0.0000 0.0000 2.0000 0.0000 -1.3333 0.0000 4-4con10.dat
1 16 0.0000 0.0000 -3.3333 1.0000 0.0000 0.0000 0.0000 0.0000 1.0000 0.0000 -0.6667 0.0000 4-4con19.dat
1 16 0.0000 0.0000 -4.0000 -9.5000 0.0000 0.0000 0.0000 0.0000 9.5000 0.0000 1.0000 0.0000 4-4ring1.dat
1 16 0.0000 0.0000 -6.0000 11.5000 0.0000 0.0000 0.0000 0.0000 11.5000 0.0000 -2.0000 0.0000 2-4cylo.dat
1 16 0.0000 0.0000 -4.0000 9.5000 0.0000 0.0000 0.0000 0.0000 -9.5000 0.0000 -2.0000 0.0000 4-4cylo.dat
1 16 0.0000 0.0000 -6.0000 9.5000 0.0000 0.0000 0.0000 0.0000 -9.5000 0.0000 -1.0000 0.0000 2-4ndis.dat
1 16 11.5000 -4.7500 -7.0000 0.0000 -1.0000 0.0000 0.0000 0.0000 -4.7500 1.0000 0.0000 0.0000 rect3.dat
1 16 0.0000 0.0000 -8.0000 19.0000 0.0000 0.0000 0.0000 0.0000 -19.0000 0.0000 -1.0000 0.0000 1-8chrd.dat
1 16 -11.5000 -4.7500 -7.0000 0.0000 1.0000 0.0000 0.0000 0.0000 -4.7500 -1.0000 0.0000 0.0000 rect3.dat
1 16 0.0000 0.0000 -8.0000 -19.0000 0.0000 0.0000 0.0000 0.0000 -19.0000 0.0000 -1.0000 0.0000 1-8chrd.dat
1 16 0.0000 0.0000 -10.0000 -8.4190 0.0000 20.3254 -20.3254 0.0000 -8.4190 0.0000 -1.0000 0.0000 1-8chrd.dat
1 16 0.0000 -8.7500 -8.0000 8.0000 0.0000 0.0000 0.0000 0.0000 -0.7500 0.0000 1.0000 0.0000 rect3.dat
1 16 0.0000 0.0000 -6.0000 -2.3000 0.0000 0.0000 0.0000 0.0000 2.3000 0.0000 -1.0000 0.0000 2-4ring4.dat
1 16 0.0000 0.0000 -8.0000 -9.5000 0.0000 0.0000 0.0000 0.0000 9.5000 0.0000 -1.0000 0.0000 2-4ring1.dat
1 16 0.0000 0.0000 -8.0000 0.0000 0.0000 19.0000 19.0000 0.0000 0.0000 0.0000 1.0000 0.0000 3-8edge.dat
1 16 0.0000 0.0000 -8.0000 0.0000 0.0000 -19.0000 19.0000 0.0000 0.0000 0.0000 1.0000 0.0000 3-8edge.dat
3 16 7.271 17.554 -8.000 7.654 18.478 -8.667 0.000 20.000 -8.667
3 16 0.000 20.000 -8.667 0.000 19.000 -8.000 7.271 17.554 -8.000
3 16 13.435 13.435 -8.000 14.142 14.142 -8.667 7.654 18.478 -8.667
3 16 7.654 18.478 -8.667 7.271 17.554 -8.000 13.435 13.435 -8.000
3 16 17.554 7.271 -8.000 18.478 7.654 -8.667 14.142 14.142 -8.667
3 16 14.142 14.142 -8.667 13.435 13.435 -8.000 17.554 7.271 -8.000
3 16 19.000 0.000 -8.000 20.000 0.000 -8.667 18.478 7.654 -8.667
3 16 18.478 7.654 -8.667 17.554 7.271 -8.000 19.000 0.000 -8.000
3 16 17.554 -7.271 -8.000 18.478 -7.654 -8.667 20.000 0.000 -8.667
3 16 20.000 0.000 -8.667 19.000 0.000 -8.000 17.554 -7.271 -8.000
3 16 13.435 -13.435 -8.000 14.142 -14.142 -8.667 18.478 -7.654 -8.667
3 16 18.478 -7.654 -8.667 17.554 -7.271 -8.000 13.435 -13.435 -8.000
3 16 0.000 20.000 -8.667 -7.654 18.478 -8.667 -7.271 17.554 -8.000
3 16 -7.271 17.554 -8.000 0.000 19.000 -8.000 0.000 20.000 -8.667
3 16 -7.654 18.478 -8.667 -14.142 14.142 -8.667 -13.435 13.435 -8.000
3 16 -13.435 13.435 -8.000 -7.271 17.554 -8.000 -7.654 18.478 -8.667
3 16 -14.142 14.142 -8.667 -18.478 7.654 -8.667 -17.554 7.271 -8.000
3 16 -17.554 7.271 -8.000 -13.435 13.435 -8.000 -14.142 14.142 -8.667
3 16 -18.478 7.654 -8.667 -20.000 0.000 -8.667 -19.000 0.000 -8.000
3 16 -19.000 0.000 -8.000 -17.554 7.271 -8.000 -18.478 7.654 -8.667
3 16 -20.000 0.000 -8.667 -18.478 -7.654 -8.667 -17.554 -7.271 -8.000
3 16 -17.554 -7.271 -8.000 -19.000 0.000 -8.000 -20.000 0.000 -8.667
3 16 -18.478 -7.654 -8.667 -14.142 -14.142 -8.667 -13.435 -13.435 -8.000
3 16 -13.435 -13.435 -8.000 -17.554 -7.271 -8.000 -18.478 -7.654 -8.667
3 16 7.654 18.478 -8.667 8.419 20.326 -10.000 0.000 22.000 -10.000
3 16 0.000 22.000 -10.000 0.000 20.000 -8.667 7.654 18.478 -8.667
3 16 14.142 14.142 -8.667 15.556 15.556 -10.000 8.419 20.326 -10.000
3 16 8.419 20.326 -10.000 7.654 18.478 -8.667 14.142 14.142 -8.667
3 16 18.478 7.654 -8.667 20.326 8.419 -10.000 15.556 15.556 -10.000
3 16 15.556 15.556 -10.000 14.142 14.142 -8.667 18.478 7.654 -8.667
3 16 20.000 0.000 -8.667 22.000 0.000 -10.000 20.326 8.419 -10.000
3 16 20.326 8.419 -10.000 18.478 7.654 -8.667 20.000 0.000 -8.667
3 16 18.478 -7.654 -8.667 20.326 -8.419 -10.000 22.000 0.000 -10.000
3 16 22.000 0.000 -10.000 20.000 0.000 -8.667 18.478 -7.654 -8.667
3 16 14.142 -14.142 -8.667 15.556 -15.556 -10.000 20.326 -8.419 -10.000
3 16 20.326 -8.419 -10.000 18.478 -7.654 -8.667 14.142 -14.142 -8.667
3 16 0.000 22.000 -10.000 -8.419 20.326 -10.000 -7.654 18.478 -8.667
3 16 -7.654 18.478 -8.667 0.000 20.000 -8.667 0.000 22.000 -10.000
3 16 -8.419 20.326 -10.000 -15.556 15.556 -10.000 -14.142 14.142 -8.667
3 16 -14.142 14.142 -8.667 -7.654 18.478 -8.667 -8.419 20.326 -10.000
3 16 -15.556 15.556 -10.000 -20.326 8.419 -10.000 -18.478 7.654 -8.667
3 16 -18.478 7.654 -8.667 -14.142 14.142 -8.667 -15.556 15.556 -10.000
3 16 -20.326 8.419 -10.000 -22.000 0.000 -10.000 -20.000 0.000 -8.667
3 16 -20.000 0.000 -8.667 -18.478 7.654 -8.667 -20.326 8.419 -10.000
3 16 -22.000 0.000 -10.000 -20.326 -8.419 -10.000 -18.478 -7.654 -8.667
3 16 -18.478 -7.654 -8.667 -20.000 0.000 -8.667 -22.000 0.000 -10.000
3 16 -20.326 -8.419 -10.000 -15.556 -15.556 -10.000 -14.142 -14.142 -8.667
3 16 -14.142 -14.142 -8.667 -18.478 -7.654 -8.667 -20.326 -8.419 -10.000
1 16 0.0000 0.0000 -10.0000 4.0000 0.0000 0.0000 0.0000 0.0000 4.0000 0.0000 -1.0000 0.0000 4-4edge.dat
1 16 0.0000 0.0000 -10.0000 4.0000 0.0000 0.0000 0.0000 0.0000 4.0000 0.0000 -1.0000 0.0000 4-4ring1.dat
1 16 0.0000 0.0000 -10.0000 8.0000 0.0000 0.0000 0.0000 0.0000 -8.0000 0.0000 -1.0000 0.0000 2-4ndis.dat
0 BFC INVERTNEXT
1 16 0.0000 0.0000 -10.0000 4.0000 0.0000 0.0000 0.0000 0.0000 4.0000 0.0000 -2.0000 0.0000 4-4cyli.dat
1 16 0.0000 0.0000 -12.0000 6.0000 0.0000 0.0000 0.0000 0.0000 6.0000 0.0000 -1.0000 0.0000 4-4edge.dat
1 16 0.0000 0.0000 -12.0000 -1.0000 0.0000 0.0000 0.0000 0.0000 1.0000 0.0000 1.0000 0.0000 stud2a.dat
3 16 -6.821 0.187 -12.000 -6.346 -2.509 -12.000 -8.078 -3.509 -12.000
3 16 -8.078 -3.509 -12.000 -9.500 -1.000 -12.000 -8.791 0.535 -12.000
3 16 -8.791 0.535 -12.000 -6.821 0.187 -12.000 -8.078 -3.509 -12.000
3 16 -8.791 0.535 -12.000 -9.500 -1.000 -12.000 -9.500 1.000 -12.000
3 16 -9.500 1.000 -12.000 -8.443 2.504 -12.000 -8.791 0.535 -12.000
3 16 -12.238 -1.142 -12.000 -11.500 1.000 -12.000 -11.500 -1.000 -12.000
3 16 -11.500 -1.000 -12.000 -11.890 -3.112 -12.000 -12.238 -1.142 -12.000
3 16 -11.500 1.000 -12.000 -12.238 -1.142 -12.000 -14.207 -1.490 -12.000
3 16 -9.500 -1.000 -12.000 -8.078 -3.509 -12.000 -11.890 -3.112 -12.000
3 16 -11.890 -3.112 -12.000 -11.500 -1.000 -12.000 -9.500 -1.000 -12.000
3 16 -7.920 -5.340 -12.000 -9.452 -6.626 -12.000 -11.890 -3.112 -12.000
3 16 -11.890 -3.112 -12.000 -8.078 -3.509 -12.000 -7.920 -5.340 -12.000
3 16 -9.452 -6.626 -12.000 -9.926 -10.273 -12.000 -13.860 -3.459 -12.000
3 16 -13.860 -3.459 -12.000 -11.890 -3.112 -12.000 -9.452 -6.626 -12.000
1 16 -10.5000 0.0000 -12.0000 1.0000 0.0000 0.0000 0.0000 0.0000 1.0000 0.0000 1.0000 0.0000 4-4edge.dat
0 BFC INVERTNEXT
1 16 -10.5000 0.0000 -12.0000 1.0000 0.0000 0.0000 0.0000 0.0000 1.0000 0.0000 0.5000 0.0000 4-4con0.dat
1 16 -10.5000 0.0000 -12.0000 1.0000 0.0000 0.0000 0.0000 0.0000 1.0000 0.0000 1.0000 0.0000 4-4ndis.dat
1 16 -7.6323 1.3458 -12.0000 0.9848 0.0000 0.1737 -0.1737 0.0000 0.9848 0.0000 1.0000 0.0000 4-4edge.dat
0 BFC INVERTNEXT
1 16 -7.6323 1.3458 -12.0000 0.9848 0.0000 0.1737 -0.1737 0.0000 0.9848 0.0000 0.5000 0.0000 4-4con0.dat
1 16 -7.6323 1.3458 -12.0000 0.9848 0.0000 0.1737 -0.1737 0.0000 0.9848 0.0000 1.0000 0.0000 4-4ndis.dat
1 16 -13.0487 -2.3008 -12.0000 0.9848 0.0000 -0.1737 0.1737 0.0000 0.9848 0.0000 1.0000 0.0000 4-4edge.dat
0 BFC INVERTNEXT
1 16 -13.0487 -2.3008 -12.0000 0.9848 0.0000 -0.1737 0.1737 0.0000 0.9848 0.0000 0.5000 0.0000 4-4con0.dat
1 16 -13.0487 -2.3008 -12.0000 0.9848 0.0000 -0.1737 0.1737 0.0000 0.9848 0.0000 1.0000 0.0000 4-4ndis.dat
3 16 -5.346 -4.241 -12.000 -3.248 -6.001 -12.000 -3.932 -7.880 -12.000
3 16 -3.932 -7.880 -12.000 -6.635 -6.873 -12.000 -7.078 -5.241 -12.000
3 16 -7.078 -5.241 -12.000 -5.346 -4.241 -12.000 -3.932 -7.880 -12.000
3 16 -7.078 -5.241 -12.000 -6.635 -6.873 -12.000 -7.920 -5.340 -12.000
3 16 -7.920 -5.340 -12.000 -8.078 -3.509 -12.000 -7.078 -5.241 -12.000
3 16 -8.640 -8.741 -12.000 -9.452 -6.626 -12.000 -8.167 -8.158 -12.000
3 16 -8.167 -8.158 -12.000 -7.108 -10.027 -12.000 -8.640 -8.741 -12.000
3 16 -9.452 -6.626 -12.000 -8.640 -8.741 -12.000 -9.926 -10.273 -12.000
3 16 -6.635 -6.873 -12.000 -3.932 -7.880 -12.000 -7.108 -10.027 -12.000
3 16 -7.108 -10.027 -12.000 -8.167 -8.158 -12.000 -6.635 -6.873 -12.000
3 16 -2.634 -9.182 -12.000 -2.982 -11.152 -12.000 -7.108 -10.027 -12.000
3 16 -7.108 -10.027 -12.000 -3.932 -7.880 -12.000 -2.634 -9.182 -12.000
3 16 -2.982 -11.152 -12.000 -1.000 -14.250 -12.000 -8.394 -11.559 -12.000
3 16 -8.394 -11.559 -12.000 -7.108 -10.027 -12.000 -2.982 -11.152 -12.000
1 16 -8.0434 -6.7493 -12.0000 0.7660 0.0000 -0.6428 0.6428 0.0000 0.7660 0.0000 1.0000 0.0000 4-4edge.dat
0 BFC INVERTNEXT
1 16 -8.0434 -6.7493 -12.0000 0.7660 0.0000 -0.6428 0.6428 0.0000 0.7660 0.0000 0.5000 0.0000 4-4con0.dat
1 16 -8.0434 -6.7493 -12.0000 0.7660 0.0000 -0.6428 0.6428 0.0000 0.7660 0.0000 1.0000 0.0000 4-4ndis.dat
1 16 -6.7117 -3.8750 -12.0000 0.8660 0.0000 -0.5000 0.5000 0.0000 0.8660 0.0000 1.0000 0.0000 4-4edge.dat
0 BFC INVERTNEXT
1 16 -6.7117 -3.8750 -12.0000 0.8660 0.0000 -0.5000 0.5000 0.0000 0.8660 0.0000 0.5000 0.0000 4-4con0.dat
1 16 -6.7117 -3.8750 -12.0000 0.8660 0.0000 -0.5000 0.5000 0.0000 0.8660 0.0000 1.0000 0.0000 4-4ndis.dat
1 16 -8.5169 -10.1501 -12.0000 0.6428 0.0000 -0.7660 0.7660 0.0000 0.6428 0.0000 1.0000 0.0000 4-4edge.dat
0 BFC INVERTNEXT
1 16 -8.5169 -10.1501 -12.0000 0.6428 0.0000 -0.7660 0.7660 0.0000 0.6428 0.0000 0.5000 0.0000 4-4con0.dat
1 16 -8.5169 -10.1501 -12.0000 0.6428 0.0000 -0.7660 0.7660 0.0000 0.6428 0.0000 1.0000 0.0000 4-4ndis.dat
3 16 -1.369 -6.685 -12.000 1.369 -6.685 -12.000 2.053 -8.564 -12.000
3 16 2.053 -8.564 -12.000 -0.665 -9.529 -12.000 -2.053 -8.564 -12.000
3 16 -2.053 -8.564 -12.000 -1.369 -6.685 -12.000 2.053 -8.564 -12.000
3 16 -2.053 -8.564 -12.000 -0.665 -9.529 -12.000 -2.634 -9.182 -12.000
3 16 -2.634 -9.182 -12.000 -3.932 -7.880 -12.000 -2.053 -8.564 -12.000
3 16 -1.000 -12.250 -12.000 -2.982 -11.152 -12.000 -1.012 -11.499 -12.000
3 16 -1.012 -11.499 -12.000 1.000 -12.250 -12.000 -1.000 -12.250 -12.000
3 16 -2.982 -11.152 -12.000 -1.000 -12.250 -12.000 -1.000 -14.250 -12.000
3 16 -0.665 -9.529 -12.000 2.053 -8.564 -12.000 1.000 -12.250 -12.000
3 16 1.000 -12.250 -12.000 -1.012 -11.499 -12.000 -0.665 -9.529 -12.000
3 16 3.884 -8.727 -12.000 4.884 -10.459 -12.000 1.000 -12.250 -12.000
3 16 1.000 -12.250 -12.000 2.053 -8.564 -12.000 3.884 -8.727 -12.000
3 16 4.884 -10.459 -12.000 8.394 -11.559 -12.000 1.000 -14.250 -12.000
3 16 1.000 -14.250 -12.000 1.000 -12.250 -12.000 4.884 -10.459 -12.000
1 16 -1.8233 -10.3405 -12.0000 0.1737 0.0000 -0.9848 0.9848 0.0000 0.1737 0.0000 1.0000 0.0000 4-4edge.dat
0 BFC INVERTNEXT
1 16 -1.8233 -10.3405 -12.0000 0.1737 0.0000 -0.9848 0.9848 0.0000 0.1737 0.0000 0.5000 0.0000 4-4con0.dat
1 16 -1.8233 -10.3405 -12.0000 0.1737 0.0000 -0.9848 0.9848 0.0000 0.1737 0.0000 1.0000 0.0000 4-4ndis.dat
1 16 -2.6507 -7.2827 -12.0000 0.3420 0.0000 -0.9397 0.9397 0.0000 0.3420 0.0000 1.0000 0.0000 4-4edge.dat
0 BFC INVERTNEXT
1 16 -2.6507 -7.2827 -12.0000 0.3420 0.0000 -0.9397 0.9397 0.0000 0.3420 0.0000 0.5000 0.0000 4-4con0.dat
1 16 -2.6507 -7.2827 -12.0000 0.3420 0.0000 -0.9397 0.9397 0.0000 0.3420 0.0000 1.0000 0.0000 4-4ndis.dat
1 16 -0.0001 -13.2500 -12.0000 0.0000 0.0000 -1.0000 1.0000 0.0000 0.0000 0.0000 1.0000 0.0000 4-4edge.dat
0 BFC INVERTNEXT
1 16 -0.0001 -13.2500 -12.0000 0.0000 0.0000 -1.0000 1.0000 0.0000 0.0000 0.0000 0.5000 0.0000 4-4con0.dat
1 16 -0.0001 -13.2500 -12.0000 0.0000 0.0000 -1.0000 1.0000 0.0000 0.0000 0.0000 1.0000 0.0000 4-4ndis.dat
3 16 3.248 -6.001 -12.000 5.346 -4.241 -12.000 7.078 -5.241 -12.000
3 16 7.078 -5.241 -12.000 5.616 -7.727 -12.000 3.932 -7.880 -12.000
3 16 3.932 -7.880 -12.000 3.248 -6.001 -12.000 7.078 -5.241 -12.000
3 16 3.932 -7.880 -12.000 5.616 -7.727 -12.000 3.884 -8.727 -12.000
3 16 3.884 -8.727 -12.000 2.053 -8.564 -12.000 3.932 -7.880 -12.000
3 16 7.108 -10.027 -12.000 4.884 -10.459 -12.000 6.616 -9.459 -12.000
3 16 6.616 -9.459 -12.000 8.640 -8.741 -12.000 7.108 -10.027 -12.000
3 16 4.884 -10.459 -12.000 7.108 -10.027 -12.000 8.394 -11.559 -12.000
3 16 5.616 -7.727 -12.000 7.078 -5.241 -12.000 8.640 -8.741 -12.000
3 16 8.640 -8.741 -12.000 6.616 -9.459 -12.000 5.616 -7.727 -12.000
3 16 8.585 -4.189 -12.000 10.464 -4.873 -12.000 8.640 -8.741 -12.000
3 16 8.640 -8.741 -12.000 7.078 -5.241 -12.000 8.585 -4.189 -12.000
3 16 10.464 -4.873 -12.000 13.860 -3.459 -12.000 9.926 -10.273 -12.000
3 16 9.926 -10.273 -12.000 8.640 -8.741 -12.000 10.464 -4.873 -12.000
1 16 5.2500 -9.0933 -12.0000 -0.5000 0.0000 -0.8660 0.8660 0.0000 -0.5000 0.0000 1.0000 0.0000 4-4edge.dat
0 BFC INVERTNEXT
1 16 5.2500 -9.0933 -12.0000 -0.5000 0.0000 -0.8660 0.8660 0.0000 -0.5000 0.0000 0.5000 0.0000 4-4con0.dat
1 16 5.2500 -9.0933 -12.0000 -0.5000 0.0000 -0.8660 0.8660 0.0000 -0.5000 0.0000 1.0000 0.0000 4-4ndis.dat
1 16 2.6506 -7.2827 -12.0000 -0.3420 0.0000 -0.9397 0.9397 0.0000 -0.3420 0.0000 1.0000 0.0000 4-4edge.dat
0 BFC INVERTNEXT
1 16 2.6506 -7.2827 -12.0000 -0.3420 0.0000 -0.9397 0.9397 0.0000 -0.3420 0.0000 0.5000 0.0000 4-4con0.dat
1 16 2.6506 -7.2827 -12.0000 -0.3420 0.0000 -0.9397 0.9397 0.0000 -0.3420 0.0000 1.0000 0.0000 4-4ndis.dat
1 16 8.5169 -10.1502 -12.0000 -0.6428 0.0000 -0.7661 0.7661 0.0000 -0.6428 0.0000 1.0000 0.0000 4-4edge.dat
0 BFC INVERTNEXT
1 16 8.5169 -10.1502 -12.0000 -0.6428 0.0000 -0.7661 0.7661 0.0000 -0.6428 0.0000 0.5000 0.0000 4-4con0.dat
1 16 8.5169 -10.1502 -12.0000 -0.6428 0.0000 -0.7661 0.7661 0.0000 -0.6428 0.0000 1.0000 0.0000 4-4ndis.dat
3 16 6.346 -2.509 -12.000 6.821 0.187 -12.000 8.791 0.535 -12.000
3 16 8.791 0.535 -12.000 9.269 -2.310 -12.000 8.078 -3.509 -12.000
3 16 8.078 -3.509 -12.000 6.346 -2.509 -12.000 8.791 0.535 -12.000
3 16 8.078 -3.509 -12.000 9.269 -2.310 -12.000 8.585 -4.189 -12.000
3 16 8.585 -4.189 -12.000 7.078 -5.241 -12.000 8.078 -3.509 -12.000
3 16 11.890 -3.112 -12.000 10.464 -4.873 -12.000 11.148 -2.994 -12.000
3 16 11.148 -2.994 -12.000 12.237 -1.142 -12.000 11.890 -3.112 -12.000
3 16 10.464 -4.873 -12.000 11.890 -3.112 -12.000 13.860 -3.459 -12.000
3 16 9.269 -2.310 -12.000 8.791 0.535 -12.000 12.237 -1.142 -12.000
3 16 12.237 -1.142 -12.000 11.148 -2.994 -12.000 9.269 -2.310 -12.000
3 16 9.269 2.309 -12.000 11.148 2.994 -12.000 12.237 -1.142 -12.000
3 16 12.237 -1.142 -12.000 8.791 0.535 -12.000 9.269 2.309 -12.000
3 16 11.148 2.994 -12.000 12.841 6.259 -12.000 14.207 -1.490 -12.000
3 16 14.207 -1.490 -12.000 12.237 -1.142 -12.000 11.148 2.994 -12.000
1 16 9.8667 -3.5912 -12.0000 -0.9397 0.0000 -0.3420 0.3420 0.0000 -0.9397 0.0000 1.0000 0.0000 4-4edge.dat
0 BFC INVERTNEXT
1 16 9.8667 -3.5912 -12.0000 -0.9397 0.0000 -0.3420 0.3420 0.0000 -0.9397 0.0000 0.5000 0.0000 4-4con0.dat
1 16 9.8667 -3.5912 -12.0000 -0.9397 0.0000 -0.3420 0.3420 0.0000 -0.9397 0.0000 1.0000 0.0000 4-4ndis.dat
1 16 6.7117 -3.8750 -12.0000 -0.8660 0.0000 -0.5000 0.5000 0.0000 -0.8660 0.0000 1.0000 0.0000 4-4edge.dat
0 BFC INVERTNEXT
1 16 6.7117 -3.8750 -12.0000 -0.8660 0.0000 -0.5000 0.5000 0.0000 -0.8660 0.0000 0.5000 0.0000 4-4con0.dat
1 16 6.7117 -3.8750 -12.0000 -0.8660 0.0000 -0.5000 0.5000 0.0000 -0.8660 0.0000 1.0000 0.0000 4-4ndis.dat
1 16 13.0487 -2.3009 -12.0000 -0.9848 0.0000 -0.1736 0.1736 0.0000 -0.9848 0.0000 1.0000 0.0000 4-4edge.dat
0 BFC INVERTNEXT
1 16 13.0487 -2.3009 -12.0000 -0.9848 0.0000 -0.1736 0.1736 0.0000 -0.9848 0.0000 0.5000 0.0000 4-4con0.dat
1 16 13.0487 -2.3009 -12.0000 -0.9848 0.0000 -0.1736 0.1736 0.0000 -0.9848 0.0000 1.0000 0.0000 4-4ndis.dat
3 16 6.474 2.157 -12.000 5.105 4.528 -12.000 6.390 6.060 -12.000
3 16 6.390 6.060 -12.000 8.585 4.189 -12.000 8.443 2.504 -12.000
3 16 8.443 2.504 -12.000 6.474 2.157 -12.000 6.390 6.060 -12.000
3 16 8.443 2.504 -12.000 8.585 4.189 -12.000 9.269 2.310 -12.000
3 16 9.269 2.310 -12.000 8.791 0.535 -12.000 8.443 2.504 -12.000
3 16 11.109 5.259 -12.000 11.148 2.994 -12.000 10.464 4.873 -12.000
3 16 10.464 4.873 -12.000 10.109 6.991 -12.000 11.109 5.259 -12.000
3 16 11.148 2.994 -12.000 11.109 5.259 -12.000 12.841 6.259 -12.000
3 16 8.585 4.189 -12.000 6.390 6.060 -12.000 10.109 6.991 -12.000
3 16 10.109 6.991 -12.000 10.464 4.873 -12.000 8.585 4.189 -12.000
3 16 5.616 7.727 -12.000 6.616 9.459 -12.000 10.109 6.991 -12.000
3 16 10.109 6.991 -12.000 6.390 6.060 -12.000 5.616 7.727 -12.000
3 16 6.616 9.459 -12.000 5.814 13.049 -12.000 11.841 7.991 -12.000
3 16 11.841 7.991 -12.000 10.109 6.991 -12.000 6.616 9.459 -12.000
1 16 9.8667 3.5912 -12.0000 -0.9397 0.0000 0.3420 -0.3420 0.0000 -0.9397 0.0000 1.0000 0.0000 4-4edge.dat
0 BFC INVERTNEXT
1 16 9.8667 3.5912 -12.0000 -0.9397 0.0000 0.3420 -0.3420 0.0000 -0.9397 0.0000 0.5000 0.0000 4-4con0.dat
1 16 9.8667 3.5912 -12.0000 -0.9397 0.0000 0.3420 -0.3420 0.0000 -0.9397 0.0000 1.0000 0.0000 4-4ndis.dat
1 16 7.6323 1.3458 -12.0000 -0.9848 0.0000 0.1736 -0.1736 0.0000 -0.9848 0.0000 1.0000 0.0000 4-4edge.dat
0 BFC INVERTNEXT
1 16 7.6323 1.3458 -12.0000 -0.9848 0.0000 0.1736 -0.1736 0.0000 -0.9848 0.0000 0.5000 0.0000 4-4con0.dat
1 16 7.6323 1.3458 -12.0000 -0.9848 0.0000 0.1736 -0.1736 0.0000 -0.9848 0.0000 1.0000 0.0000 4-4ndis.dat
1 16 11.4748 6.6250 -12.0000 -0.8660 0.0000 0.5000 -0.5000 0.0000 -0.8660 0.0000 1.0000 0.0000 4-4edge.dat
0 BFC INVERTNEXT
1 16 11.4748 6.6250 -12.0000 -0.8660 0.0000 0.5000 -0.5000 0.0000 -0.8660 0.0000 0.5000 0.0000 4-4con0.dat
1 16 11.4748 6.6250 -12.0000 -0.8660 0.0000 0.5000 -0.5000 0.0000 -0.8660 0.0000 1.0000 0.0000 4-4ndis.dat
3 16 3.573 5.814 -12.000 1.000 6.750 -12.000 1.000 8.750 -12.000
3 16 1.000 8.750 -12.000 3.884 8.727 -12.000 4.858 7.346 -12.000
3 16 4.858 7.346 -12.000 3.573 5.814 -12.000 1.000 8.750 -12.000
3 16 4.858 7.346 -12.000 3.884 8.727 -12.000 5.616 7.727 -12.000
3 16 5.616 7.727 -12.000 6.390 6.060 -12.000 4.858 7.346 -12.000
3 16 5.129 11.169 -12.000 6.616 9.459 -12.000 4.884 10.459 -12.000
3 16 4.884 10.459 -12.000 3.250 11.853 -12.000 5.129 11.169 -12.000
3 16 6.616 9.459 -12.000 5.129 11.169 -12.000 5.813 13.049 -12.000
3 16 3.884 8.727 -12.000 1.000 8.750 -12.000 3.250 11.853 -12.000
3 16 3.250 11.853 -12.000 4.884 10.459 -12.000 3.884 8.727 -12.000
3 16 -0.665 9.529 -12.000 -1.012 11.499 -12.000 3.250 11.853 -12.000
3 16 3.250 11.853 -12.000 1.000 8.750 -12.000 -0.665 9.529 -12.000
3 16 -1.012 11.499 -12.000 -3.934 13.733 -12.000 3.934 13.733 -12.000
3 16 3.934 13.733 -12.000 3.250 11.853 -12.000 -1.012 11.499 -12.000
1 16 5.2500 9.0933 -12.0000 -0.5000 0.0000 0.8660 -0.8660 0.0000 -0.5000 0.0000 1.0000 0.0000 4-4edge.dat
0 BFC INVERTNEXT
1 16 5.2500 9.0933 -12.0000 -0.5000 0.0000 0.8660 -0.8660 0.0000 -0.5000 0.0000 0.5000 0.0000 4-4con0.dat
1 16 5.2500 9.0933 -12.0000 -0.5000 0.0000 0.8660 -0.8660 0.0000 -0.5000 0.0000 1.0000 0.0000 4-4ndis.dat
1 16 4.9817 5.9369 -12.0000 -0.6428 0.0000 0.7661 -0.7661 0.0000 -0.6428 0.0000 1.0000 0.0000 4-4edge.dat
0 BFC INVERTNEXT
1 16 4.9817 5.9369 -12.0000 -0.6428 0.0000 0.7661 -0.7661 0.0000 -0.6428 0.0000 0.5000 0.0000 4-4con0.dat
1 16 4.9817 5.9369 -12.0000 -0.6428 0.0000 0.7661 -0.7661 0.0000 -0.6428 0.0000 1.0000 0.0000 4-4ndis.dat
1 16 4.5318 12.4510 -12.0000 -0.3420 0.0000 0.9397 -0.9397 0.0000 -0.3420 0.0000 1.0000 0.0000 4-4edge.dat
0 BFC INVERTNEXT
1 16 4.5318 12.4510 -12.0000 -0.3420 0.0000 0.9397 -0.9397 0.0000 -0.3420 0.0000 0.5000 0.0000 4-4con0.dat
1 16 4.5318 12.4510 -12.0000 -0.3420 0.0000 0.9397 -0.9397 0.0000 -0.3420 0.0000 1.0000 0.0000 4-4ndis.dat
3 16 -1.000 6.750 -12.000 -3.573 5.814 -12.000 -4.858 7.346 -12.000
3 16 -4.858 7.346 -12.000 -2.634 9.182 -12.000 -1.000 8.750 -12.000
3 16 -1.000 8.750 -12.000 -1.000 6.750 -12.000 -4.858 7.346 -12.000
3 16 -1.000 8.750 -12.000 -2.634 9.182 -12.000 -0.665 9.529 -12.000
3 16 -0.665 9.529 -12.000 1.000 8.750 -12.000 -1.000 8.750 -12.000
3 16 -3.250 11.853 -12.000 -1.012 11.499 -12.000 -2.982 11.152 -12.000
3 16 -2.982 11.152 -12.000 -5.129 11.169 -12.000 -3.250 11.853 -12.000
3 16 -1.012 11.499 -12.000 -3.250 11.853 -12.000 -3.934 13.733 -12.000
3 16 -2.634 9.182 -12.000 -4.858 7.346 -12.000 -5.129 11.169 -12.000
3 16 -5.129 11.169 -12.000 -2.982 11.152 -12.000 -2.634 9.182 -12.000
3 16 -6.635 6.873 -12.000 -8.167 8.158 -12.000 -5.129 11.169 -12.000
3 16 -5.129 11.169 -12.000 -4.858 7.346 -12.000 -6.635 6.873 -12.000
3 16 -8.167 8.158 -12.000 -11.841 7.991 -12.000 -5.814 13.049 -12.000
3 16 -5.814 13.049 -12.000 -5.129 11.169 -12.000 -8.167 8.158 -12.000
1 16 -1.8233 10.3405 -12.0000 0.1737 0.0000 0.9848 -0.9848 0.0000 0.1737 0.0000 1.0000 0.0000 4-4edge.dat
0 BFC INVERTNEXT
1 16 -1.8233 10.3405 -12.0000 0.1737 0.0000 0.9848 -0.9848 0.0000 0.1737 0.0000 0.5000 0.0000 4-4con0.dat
1 16 -1.8233 10.3405 -12.0000 0.1737 0.0000 0.9848 -0.9848 0.0000 0.1737 0.0000 1.0000 0.0000 4-4ndis.dat
1 16 0.0000 7.7501 -12.0000 0.0000 0.0000 1.0000 -1.0000 0.0000 0.0000 0.0000 1.0000 0.0000 4-4edge.dat
0 BFC INVERTNEXT
1 16 0.0000 7.7501 -12.0000 0.0000 0.0000 1.0000 -1.0000 0.0000 0.0000 0.0000 0.5000 0.0000 4-4con0.dat
1 16 0.0000 7.7501 -12.0000 0.0000 0.0000 1.0000 -1.0000 0.0000 0.0000 0.0000 1.0000 0.0000 4-4ndis.dat
1 16 -4.5318 12.4510 -12.0000 0.3420 0.0000 0.9397 -0.9397 0.0000 0.3420 0.0000 1.0000 0.0000 4-4edge.dat
0 BFC INVERTNEXT
1 16 -4.5318 12.4510 -12.0000 0.3420 0.0000 0.9397 -0.9397 0.0000 0.3420 0.0000 0.5000 0.0000 4-4con0.dat
1 16 -4.5318 12.4510 -12.0000 0.3420 0.0000 0.9397 -0.9397 0.0000 0.3420 0.0000 1.0000 0.0000 4-4ndis.dat
3 16 -5.105 4.528 -12.000 -6.474 2.157 -12.000 -8.443 2.504 -12.000
3 16 -8.443 2.504 -12.000 -7.920 5.340 -12.000 -6.390 6.060 -12.000
3 16 -6.390 6.060 -12.000 -5.105 4.528 -12.000 -8.443 2.504 -12.000
3 16 -6.390 6.060 -12.000 -7.920 5.340 -12.000 -6.635 6.873 -12.000
3 16 -6.635 6.873 -12.000 -4.858 7.346 -12.000 -6.390 6.060 -12.000
3 16 -10.109 6.991 -12.000 -8.167 8.158 -12.000 -9.452 6.626 -12.000
3 16 -9.452 6.626 -12.000 -11.109 5.259 -12.000 -10.109 6.991 -12.000
3 16 -8.167 8.158 -12.000 -10.109 6.991 -12.000 -11.841 7.991 -12.000
3 16 -7.920 5.340 -12.000 -8.443 2.504 -12.000 -11.109 5.259 -12.000
3 16 -11.109 5.259 -12.000 -9.452 6.626 -12.000 -7.920 5.340 -12.000
3 16 -9.500 1.000 -12.000 -11.500 1.000 -12.000 -11.109 5.259 -12.000
3 16 -11.109 5.259 -12.000 -8.443 2.504 -12.000 -9.500 1.000 -12.000
3 16 -11.500 1.000 -12.000 -14.207 -1.490 -12.000 -12.841 6.259 -12.000
3 16 -12.841 6.259 -12.000 -11.109 5.259 -12.000 -11.500 1.000 -12.000
1 16 -8.0434 6.7493 -12.0000 0.7660 0.0000 0.6428 -0.6428 0.0000 0.7660 0.0000 1.0000 0.0000 4-4edge.dat
0 BFC INVERTNEXT
1 16 -8.0434 6.7493 -12.0000 0.7660 0.0000 0.6428 -0.6428 0.0000 0.7660 0.0000 0.5000 0.0000 4-4con0.dat
1 16 -8.0434 6.7493 -12.0000 0.7660 0.0000 0.6428 -0.6428 0.0000 0.7660 0.0000 1.0000 0.0000 4-4ndis.dat
1 16 -4.9816 5.9369 -12.0000 0.6428 0.0000 0.7660 -0.7660 0.0000 0.6428 0.0000 1.0000 0.0000 4-4edge.dat
0 BFC INVERTNEXT
1 16 -4.9816 5.9369 -12.0000 0.6428 0.0000 0.7660 -0.7660 0.0000 0.6428 0.0000 0.5000 0.0000 4-4con0.dat
1 16 -4.9816 5.9369 -12.0000 0.6428 0.0000 0.7660 -0.7660 0.0000 0.6428 0.0000 1.0000 0.0000 4-4ndis.dat
1 16 -11.4748 6.6251 -12.0000 0.8660 0.0000 0.5000 -0.5000 0.0000 0.8660 0.0000 1.0000 0.0000 4-4edge.dat
0 BFC INVERTNEXT
1 16 -11.4748 6.6251 -12.0000 0.8660 0.0000 0.5000 -0.5000 0.0000 0.8660 0.0000 0.5000 0.0000 4-4con0.dat
1 16 -11.4748 6.6251 -12.0000 0.8660 0.0000 0.5000 -0.5000 0.0000 0.8660 0.0000 1.0000 0.0000 4-4ndis.dat
3 16 1.000 -14.250 -12.000 8.394 -11.559 -12.000 5.741 -13.859 -12.000
3 16 5.741 -13.859 -12.000 0.000 -15.000 -12.000 1.000 -14.250 -12.000
3 16 8.394 -11.559 -12.000 9.926 -10.273 -12.000 10.607 -10.607 -12.000
3 16 10.607 -10.607 -12.000 5.741 -13.859 -12.000 8.394 -11.559 -12.000
3 16 9.926 -10.273 -12.000 13.860 -3.459 -12.000 13.859 -5.741 -12.000
3 16 13.859 -5.741 -12.000 10.607 -10.607 -12.000 9.926 -10.273 -12.000
3 16 14.207 -1.490 -12.000 15.000 0.000 -12.000 13.859 -5.741 -12.000
3 16 13.859 -5.741 -12.000 13.860 -3.459 -12.000 14.207 -1.490 -12.000
3 16 14.207 -1.490 -12.000 12.841 6.259 -12.000 13.859 5.741 -12.000
3 16 13.859 5.741 -12.000 15.000 0.000 -12.000 14.207 -1.490 -12.000
3 16 11.841 7.991 -12.000 10.607 10.607 -12.000 13.859 5.741 -12.000
3 16 13.859 5.741 -12.000 12.841 6.259 -12.000 11.841 7.991 -12.000
3 16 10.607 10.607 -12.000 11.841 7.991 -12.000 5.814 13.049 -12.000
3 16 5.814 13.049 -12.000 5.741 13.859 -12.000 10.607 10.607 -12.000
3 16 5.741 13.859 -12.000 5.814 13.049 -12.000 3.934 13.733 -12.000
3 16 5.741 13.859 -12.000 3.934 13.733 -12.000 0.000 15.000 -12.000
3 16 0.000 -6.000 -12.000 2.296 -5.543 -12.000 3.248 -6.001 -12.000
3 16 3.248 -6.001 -12.000 1.369 -6.685 -12.000 0.000 -6.000 -12.000
3 16 2.296 -5.543 -12.000 4.243 -4.243 -12.000 5.346 -4.241 -12.000
3 16 5.346 -4.241 -12.000 3.248 -6.001 -12.000 2.296 -5.543 -12.000
3 16 4.243 -4.243 -12.000 5.543 -2.296 -12.000 6.346 -2.509 -12.000
3 16 6.346 -2.509 -12.000 5.346 -4.241 -12.000 4.243 -4.243 -12.000
3 16 5.543 -2.296 -12.000 6.000 0.000 -12.000 6.821 0.187 -12.000
3 16 6.821 0.187 -12.000 6.346 -2.509 -12.000 5.543 -2.296 -12.000
3 16 6.821 0.187 -12.000 6.000 0.000 -12.000 5.543 2.296 -12.000
3 16 5.543 2.296 -12.000 6.474 2.157 -12.000 6.821 0.187 -12.000
3 16 6.474 2.157 -12.000 5.543 2.296 -12.000 4.243 4.243 -12.000
3 16 4.243 4.243 -12.000 5.105 4.528 -12.000 6.474 2.157 -12.000
3 16 5.105 4.528 -12.000 4.243 4.243 -12.000 2.296 5.543 -12.000
3 16 2.296 5.543 -12.000 3.573 5.814 -12.000 5.105 4.528 -12.000
3 16 3.573 5.814 -12.000 2.296 5.543 -12.000 0.000 6.000 -12.000
3 16 0.000 6.000 -12.000 1.000 6.750 -12.000 3.573 5.814 -12.000
3 16 -5.741 -13.859 -12.000 -8.394 -11.559 -12.000 -1.000 -14.250 -12.000
3 16 -1.000 -14.250 -12.000 0.000 -15.000 -12.000 -5.741 -13.859 -12.000
3 16 -10.607 -10.607 -12.000 -9.926 -10.273 -12.000 -8.394 -11.559 -12.000
3 16 -8.394 -11.559 -12.000 -5.741 -13.859 -12.000 -10.607 -10.607 -12.000
3 16 -13.859 -5.741 -12.000 -13.860 -3.459 -12.000 -9.926 -10.273 -12.000
3 16 -9.926 -10.273 -12.000 -10.607 -10.607 -12.000 -13.859 -5.741 -12.000
3 16 -13.859 -5.741 -12.000 -15.000 0.000 -12.000 -14.207 -1.490 -12.000
3 16 -14.207 -1.490 -12.000 -13.860 -3.459 -12.000 -13.859 -5.741 -12.000
3 16 -13.859 5.741 -12.000 -12.841 6.259 -12.000 -14.207 -1.490 -12.000
3 16 -14.207 -1.490 -12.000 -15.000 0.000 -12.000 -13.859 5.741 -12.000
3 16 -13.859 5.741 -12.000 -10.607 10.607 -12.000 -11.841 7.991 -12.000
3 16 -11.841 7.991 -12.000 -12.841 6.259 -12.000 -13.859 5.741 -12.000
3 16 -5.814 13.049 -12.000 -11.841 7.991 -12.000 -10.607 10.607 -12.000
3 16 -10.607 10.607 -12.000 -5.741 13.859 -12.000 -5.814 13.049 -12.000
3 16 -3.934 13.733 -12.000 -5.814 13.049 -12.000 -5.741 13.859 -12.000
3 16 0.000 15.000 -12.000 -3.934 13.733 -12.000 -5.741 13.859 -12.000
3 16 -3.248 -6.001 -12.000 -2.296 -5.543 -12.000 0.000 -6.000 -12.000
3 16 0.000 -6.000 -12.000 -1.369 -6.685 -12.000 -3.248 -6.001 -12.000
3 16 -5.346 -4.241 -12.000 -4.243 -4.243 -12.000 -2.296 -5.543 -12.000
3 16 -2.296 -5.543 -12.000 -3.248 -6.001 -12.000 -5.346 -4.241 -12.000
3 16 -6.346 -2.509 -12.000 -5.543 -2.296 -12.000 -4.243 -4.243 -12.000
3 16 -4.243 -4.243 -12.000 -5.346 -4.241 -12.000 -6.346 -2.509 -12.000
3 16 -6.821 0.187 -12.000 -6.000 0.000 -12.000 -5.543 -2.296 -12.000
3 16 -5.543 -2.296 -12.000 -6.346 -2.509 -12.000 -6.821 0.187 -12.000
3 16 -5.543 2.296 -12.000 -6.000 0.000 -12.000 -6.821 0.187 -12.000
3 16 -6.821 0.187 -12.000 -6.474 2.157 -12.000 -5.543 2.296 -12.000
3 16 -4.243 4.243 -12.000 -5.543 2.296 -12.000 -6.474 2.157 -12.000
3 16 -6.474 2.157 -12.000 -5.105 4.528 -12.000 -4.243 4.243 -12.000
3 16 -2.296 5.543 -12.000 -4.243 4.243 -12.000 -5.105 4.528 -12.000
3 16 -5.105 4.528 -12.000 -3.573 5.814 -12.000 -2.296 5.543 -12.000
3 16 0.000 6.000 -12.000 -2.296 5.543 -12.000 -3.573 5.814 -12.000
3 16 -3.573 5.814 -12.000 -1.000 6.750 -12.000 0.000 6.000 -12.000
1 16 0.0000 0.0000 -12.0000 -15.0000 0.0000 0.0000 0.0000 0.0000 15.0000 0.0000 1.0000 0.0000 4-4ering.dat
1 16 0.0000 0.0000 -11.9000 15.0000 0.0000 0.0000 0.0000 0.0000 15.0000 0.0000 -0.1000 0.0000 4-4cylo.dat
1 16 0.0000 0.0000 -11.9000 -3.7500 0.0000 0.0000 0.0000 0.0000 3.7500 0.0000 1.0000 0.0000 4-4ring4.dat
0 BFC INVERTNEXT
1 16 0.0000 0.0000 -11.9000 18.7500 0.0000 0.0000 0.0000 0.0000 18.7500 0.0000 -8.1000 0.0000 4-4cylo.dat
1 16 0.0000 0.0000 -20.0000 -1.2500 0.0000 0.0000 0.0000 0.0000 1.2500 0.0000 1.0000 0.0000 4-4rin15.dat
1 16 0.0000 0.0000 -20.0000 -2.0000 0.0000 0.0000 0.0000 0.0000 2.0000 0.0000 1.0000 0.0000 4-4rin10.dat
1 16 0.0000 0.0000 -10.0000 22.0000 0.0000 0.0000 0.0000 0.0000 22.0000 0.0000 -10.0000 0.0000 4-4cylo.dat
