0 Untitled Model
0 Name: bl_973c80.dat
0 Author:
0 ROTATION CENTER 0 0 0 1 "Custom" 
0 ROTATION CONFIG 0 0
1 16 -20 -32 10 1 0 0 0 1 0 0 0 1 973.dat
1 85 -4.5282 -23.1243 10 0.985328 0.170671 0 -0.170671 0.985328 0 0 0 1 3819.dat
1 85 -35.5746 -23.0928 10 0.985495 -0.169703 0 0.169703 0.985495 0 0 0 1 3818.dat
1 14 -43.7265 -5.21694 0.5 0.991565 0.048984 0.119998 0.048984 0.715542 -0.69685 -0.119998 0.69685 0.707107 3820.dat
1 14 3.64118 -5.25643 -2e-006 0.991482 0.04898 -0.120682 -0.119745 0.707266 -0.696732 0.051229 0.705249 0.707107 3820.dat
0
