0 Torso Crew Neck Shirt with Light Bluish Gray Overalls with Breast Pocket and Paint Stains Pattern / White Arms / Yellow Hands
0 Name:  973pb2338c01.dat
0 Author:  Eunice Kim
1 15 -4.528203 -23.124320 -50.000000 0.985328 0.170671 0.000000 -0.170671 0.985328 0.000000 0.000000 0.000000 1.000000 3819.dat
1 15 -35.574620 -23.092840 -50.000000 0.985495 -0.169703 0.000000 0.169703 0.985495 0.000000 0.000000 0.000000 1.000000 3818.dat
1 14 -43.726460 -5.216944 -59.500000 0.991565 0.048984 0.119998 0.048984 0.715542 -0.696850 -0.119998 0.696850 0.707107 3820.dat
1 14 3.641180 -5.256434 -60.000000 0.991482 0.048980 -0.120682 -0.119745 0.707266 -0.696732 0.051229 0.705249 0.707107 3820.dat
1 16 -20.000000 -32.000000 -50.000000 1.000000 0.000000 0.000000 0.000000 1.000000 0.000000 0.000000 0.000000 1.000000 973pb2338.dat