0 FILE char00.io
0 Untitled Model
0 Name:  char00
0 Author:  Samuel HSU
0 CustomBrick
0 NumOfBricks:  147
1 16 -10.000000 36.000000 20.000000 1.000000 0.000000 0.000000 0.000000 0.984808 -0.173646 0.000000 0.173646 0.984808 char-submodel.ldr
0 STUDIOSTEPDESC Step1
0 NOFILE
0 FILE char-submodel.ldr
0 char-submodel.ldr
0 Name:  char-submodel.ldr
0 Author:  
0 CustomBrick
0 NumOfBricks:  147
1 71 0.000000 -205.745500 26.488210 0.000000 0.000000 -1.000000 1.000000 0.000000 0.000000 0.000000 -1.000000 0.000000 3795.dat
1 0 10.000000 -245.745500 50.488210 0.000000 0.000000 -1.000000 1.000000 0.000000 0.000000 0.000000 -1.000000 0.000000 32000.dat
1 0 -10.000000 -245.745500 50.488210 0.000000 0.000000 -1.000000 1.000000 0.000000 0.000000 0.000000 -1.000000 0.000000 32000.dat
1 0 10.000000 -215.745600 50.488220 0.000000 0.000000 -1.000000 1.000000 0.000000 0.000000 0.000000 -1.000000 0.000000 6541.dat
1 0 -10.000000 -215.745600 50.488220 0.000000 0.000000 -1.000000 1.000000 0.000000 0.000000 0.000000 -1.000000 0.000000 6541.dat
1 0 0.000000 -185.745500 50.488220 0.000000 0.000000 -1.000000 1.000000 0.000000 0.000000 0.000000 -1.000000 0.000000 3003.dat
1 72 0.000000 -145.745600 50.488220 -1.000000 0.000000 0.000000 0.000000 0.000000 -1.000000 0.000000 -1.000000 0.000000 57908.dat
1 71 0.000000 -255.745600 58.488210 1.000000 0.000000 0.000000 0.000000 0.000000 1.000000 0.000000 -1.000000 0.000000 14704.dat
1 71 0.000000 -185.745500 58.488220 0.000000 0.000000 -1.000000 1.000000 0.000000 0.000000 0.000000 -1.000000 0.000000 3795.dat
1 0 1.280000 -215.745500 40.488110 -1.000000 0.000000 0.000000 0.000000 0.173647 -0.984808 0.000000 -0.984808 -0.173647 3707.dat
1 7 30.000000 -215.745500 40.488120 0.000000 0.000000 -1.000000 0.984808 0.173647 0.000000 0.173647 -0.984808 0.000000 32269.dat
1 7 -28.720000 -215.745500 40.488110 0.000000 0.000000 -1.000000 0.984808 0.173647 0.000000 0.173647 -0.984808 0.000000 32269.dat
1 0 0.140000 -255.745500 40.488110 1.000000 0.000000 0.000000 0.000000 -0.467822 0.883824 0.000000 -0.883824 -0.467822 3706.dat
1 7 30.220000 -255.745500 40.488110 0.000000 0.000000 -1.000000 0.883824 -0.467822 0.000000 -0.467822 -0.883824 0.000000 32270.dat
1 7 -29.860000 -255.745500 40.488110 0.000000 0.000000 -1.000000 0.883824 -0.467822 0.000000 -0.467822 -0.883824 0.000000 32270.dat
1 71 0.000000 -205.745600 66.488200 0.000000 0.000000 1.000000 -1.000000 0.000000 0.000000 0.000000 -1.000000 0.000000 3795.dat
1 71 0.000000 -135.745500 66.488220 -1.000000 0.000000 0.000000 0.000000 0.000000 -1.000000 0.000000 -1.000000 0.000000 3023.dat
1 14 0.000000 -175.745500 90.488200 0.000000 0.000000 -1.000000 1.000000 0.000000 0.000000 0.000000 -1.000000 0.000000 3002.dat
1 14 0.000000 -225.745600 74.488110 1.000000 0.000000 0.000000 0.000000 0.000000 1.000000 0.000000 -1.000000 0.000000 3020.dat
1 71 -0.000200 -235.745700 82.488200 1.000012 0.000000 0.000000 0.000000 0.000000 1.000011 0.000000 -1.000000 0.000000 48336.dat
1 14 -10.000410 -232.531300 99.596010 0.000000 0.000000 -1.000012 -0.728122 -0.685457 0.000000 -0.685464 0.728113 0.000000 63868.dat
1 14 9.999800 -232.531300 99.596010 0.000000 0.000000 -1.000012 -0.728122 -0.685457 0.000000 -0.685465 0.728113 0.000000 63868.dat
1 14 -0.000310 -238.015000 105.420900 1.000012 0.000000 0.000000 0.000000 -0.685457 -0.728122 0.000000 0.728113 -0.685465 4859.dat
1 14 0.000000 -135.745500 90.488200 1.000000 0.000000 0.000000 0.000000 0.000000 1.000000 0.000000 -1.000000 0.000000 32000.dat
1 14 0.000000 -215.745600 82.488110 -1.000000 0.000000 0.000000 0.000000 0.000000 -1.000000 0.000000 -1.000000 0.000000 3710.dat
1 14 0.000000 -215.745600 90.488110 -1.000000 0.000000 0.000000 0.000000 0.000000 -1.000000 0.000000 -1.000000 0.000000 2431.dat
1 14 -0.000010 -195.745500 114.488200 1.000000 0.000000 0.000000 0.000000 0.000000 1.000000 0.000000 -1.000000 0.000000 2436a.dat
1 40 -30.000010 -209.745500 104.488200 -1.000000 0.000000 0.000000 0.000000 1.000000 0.000000 0.000000 0.000000 -1.000000 54200.dat
1 40 -10.000000 -209.745500 104.488200 -1.000000 0.000000 0.000000 0.000000 1.000000 0.000000 0.000000 0.000000 -1.000000 54200.dat
1 40 10.000000 -209.745500 104.488200 -1.000000 0.000000 0.000000 0.000000 1.000000 0.000000 0.000000 0.000000 -1.000000 54200.dat
1 40 30.000000 -209.745500 104.488200 -1.000000 0.000000 0.000000 0.000000 1.000000 0.000000 0.000000 0.000000 -1.000000 54200.dat
1 14 0.000000 -185.745500 98.488230 1.000000 0.000000 0.000000 0.000000 0.000000 1.000000 0.000000 -1.000000 0.000000 3020.dat
1 14 -0.000010 -195.745500 106.488200 1.000000 0.000000 0.000000 0.000000 0.000000 1.000000 0.000000 -1.000000 0.000000 3710.dat
1 14 30.000000 -165.745500 114.488200 -1.000000 0.000000 0.000000 0.000000 0.000000 -1.000000 0.000000 -1.000000 0.000000 61678.dat
1 14 -30.000010 -165.745500 114.488200 -1.000000 0.000000 0.000000 0.000000 0.000000 -1.000000 0.000000 -1.000000 0.000000 61678.dat
1 14 9.999990 -155.745500 114.488200 -1.000000 0.000000 0.000000 0.000000 0.000000 -1.000000 0.000000 -1.000000 0.000000 50950.dat
1 14 -10.000010 -155.745500 114.488200 -1.000000 0.000000 0.000000 0.000000 0.000000 -1.000000 0.000000 -1.000000 0.000000 50950.dat
1 7 0.000000 -287.953100 56.571960 0.000000 0.000000 1.000000 -0.984808 -0.173648 0.000000 0.173648 -0.984808 0.000000 2736.dat
1 0 0.000000 -317.497400 61.781400 0.000000 -1.000000 0.000000 0.173648 0.000000 -0.984808 0.984808 0.000000 0.173648 32013.dat
1 14 0.000000 -319.233800 51.933320 -1.000000 0.000000 0.000000 0.000000 -0.173648 -0.984808 0.000000 -0.984808 0.173648 4070.dat
1 7 0.000000 -321.104800 21.800420 0.000000 0.000000 -1.000000 -0.173648 -0.984808 0.000000 -0.984808 0.173648 0.000000 4697b.dat
1 14 0.000000 -330.818400 43.821720 -1.000000 0.000000 0.000000 0.000000 -0.984808 0.173648 0.000000 0.173648 0.984808 4085c.dat
1 14 18.709000 -310.721900 50.996920 -0.934435 -0.356094 -0.005401 0.283699 -0.735123 -0.615718 0.215283 -0.576881 0.787948 3818.dat
1 0 16.666700 -320.258500 31.474230 0.000000 0.968766 0.247977 -0.996195 -0.021612 0.084432 0.087153 -0.247033 0.965079 3820.dat
1 0 -17.236700 -321.951200 31.474260 0.000001 -0.968766 -0.247977 0.996195 0.021614 -0.084434 0.087156 -0.247033 0.965080 3820.dat
1 14 -18.091000 -316.989100 52.936970 -0.964307 0.240994 -0.109697 -0.073957 -0.642935 -0.762342 -0.254248 -0.727019 0.637810 3819.dat
1 43 11.710000 -300.524300 24.264190 0.000000 0.000000 -1.000000 0.984808 -0.173648 0.000000 -0.173648 -0.984808 0.000000 3024.dat
1 71 11.710000 -299.135200 32.142570 0.000000 0.000000 -1.000000 0.984808 -0.173648 0.000000 -0.173648 -0.984808 0.000000 2555.dat
1 7 0.000000 -298.093200 38.051400 0.000000 0.000000 -1.000000 -0.173648 -0.984808 0.000000 -0.984808 0.173648 0.000000 4697b.dat
1 71 -10.750000 -299.135200 32.142570 0.000000 0.000000 -1.000000 0.984808 -0.173648 0.000000 -0.173648 -0.984808 0.000000 2555.dat
1 43 -10.750000 -300.524300 24.264190 0.000000 0.000000 -1.000000 0.984808 -0.173648 0.000000 -0.173648 -0.984808 0.000000 3024.dat
1 14 50.140000 -255.745600 40.488160 1.000000 0.000000 0.000000 0.000000 -0.467822 0.883824 0.000000 -0.883824 -0.467822 6536.dat
1 0 50.140000 -265.102000 22.811690 0.000000 -0.147753 -0.989024 -0.883824 0.462687 -0.069122 0.467822 0.874124 -0.130588 32054.dat
1 7 50.140000 -229.749100 4.098830 0.000000 -0.147753 -0.989024 -0.883824 0.462687 -0.069122 0.467822 0.874124 -0.130588 4519.dat
1 0 50.140000 -228.847400 3.621470 0.989021 0.000000 0.147753 0.069122 -0.883825 -0.462686 0.130588 0.467821 -0.874124 53585.dat
1 7 50.140000 -192.690400 -15.516920 -0.147753 0.989024 0.000000 0.462687 0.069122 0.883824 0.874124 0.130588 -0.467822 32014.dat
1 71 11.829400 -209.385000 -22.836700 0.021193 -0.146226 0.989024 0.808318 0.584678 0.069122 -0.588367 0.797981 0.130588 18677.dat
1 1 20.469300 -194.763900 -19.434740 0.989024 -0.147753 0.000000 0.069122 0.462687 -0.883824 0.130588 0.874123 0.467822 43093.dat
1 14 50.140000 -228.847800 3.621790 -0.996195 0.000000 -0.087154 -0.040773 -0.883825 0.466041 -0.077028 0.467820 0.880461 90640.dat
0 STUDIOSTEPDESC Fender
0 STEP
1 71 50.534100 -201.526300 -30.199780 -0.994691 -0.087154 -0.054726 -0.089264 0.466041 0.880249 -0.051213 0.880461 -0.471347 88072.dat
0 STUDIOSTEPDESC Bumper
0 STEP
1 47 54.001900 -225.453300 -45.540480 -0.087090 -0.007611 0.996172 0.466043 -0.884110 0.033989 0.880467 0.467218 0.080544 6141.dat
1 14 53.804000 -248.440200 -33.392740 -0.996166 -0.087154 0.007611 -0.034019 0.466041 0.884110 -0.080600 0.880461 -0.467218 4349.dat
1 14 14.914900 -239.583600 -30.220850 0.989024 -0.146225 -0.021193 0.069122 0.584678 -0.808318 0.130588 0.797981 0.588367 61678.dat
0 STUDIOSTEPDESC Headlight & Hood
0 STEP
1 14 -49.860050 -255.745600 40.488150 1.000001 0.000001 0.000000 0.000000 -0.467821 0.883824 0.000001 -0.883824 -0.467822 6536.dat
1 0 -49.860060 -265.102100 22.811680 0.000000 0.173646 -0.984808 -0.883824 0.460714 0.081236 0.467822 0.870396 0.153472 32054.dat
1 7 -49.860140 -229.749300 4.098770 -0.000001 0.173644 -0.984807 -0.883818 0.460721 0.081236 0.467816 0.870409 0.153473 4519.dat
1 0 -49.860140 -229.360400 3.892930 0.984807 -0.000001 -0.173644 -0.081236 -0.883818 -0.460721 -0.153473 0.467816 -0.870409 53585.dat
1 7 -49.860130 -193.221000 -15.236330 0.173644 0.000001 -0.984807 0.460721 0.883818 0.081236 0.870409 -0.467816 0.153473 32014.dat
1 71 -12.020930 -210.273300 -24.034780 -0.017464 0.172763 0.984807 0.833002 0.547266 -0.081235 -0.552982 0.818949 -0.153473 18677.dat
1 1 -20.316070 -195.658200 -19.840370 -0.984809 0.051878 -0.165716 0.081235 0.981102 -0.175617 0.153474 -0.186411 -0.970411 43093.dat
0 STUDIOSTEPDESC Frame
0 STEP
1 14 -49.860500 -229.361900 3.897340 -0.992200 -0.008785 0.124360 0.074837 -0.839772 0.537756 0.099710 0.542865 0.833881 90640.dat
0 STUDIOSTEPDESC Fender
0 STEP
1 71 -52.506420 -204.098800 -30.695720 -0.991255 0.124360 -0.044143 0.029944 0.537754 0.842571 0.128520 0.833880 -0.536776 88072.dat
0 STUDIOSTEPDESC Bumper
0 STEP
1 14 -55.137660 -252.182200 -31.497240 -0.992136 0.124354 0.014161 0.079386 0.537760 0.839349 0.096771 0.833890 -0.543394 4349.dat
1 47 -54.769470 -230.359000 -45.625520 -0.992135 -0.014159 0.124373 0.079391 -0.839356 0.537753 0.096779 0.543398 0.833878 6141.dat
1 14 -15.818040 -240.067200 -32.629830 0.984807 0.172763 0.017464 -0.081235 0.547267 -0.833002 -0.153473 0.818950 0.552982 61678.dat
0 STUDIOSTEPDESC Headlight & Hood
0 STEP
1 14 71.280000 -215.745500 40.488150 -1.000000 0.000000 0.000000 0.000000 -0.173647 0.984808 -0.000001 0.984808 0.173647 6536.dat
1 72 71.280000 -238.914600 56.711350 0.000000 -0.039422 0.999223 -0.984808 0.173512 0.006846 -0.173647 -0.984043 -0.038821 11214.dat
1 0 54.897000 -240.906600 68.008740 -0.573582 0.819149 0.000000 0.142243 0.099601 -0.984808 -0.806705 -0.564867 -0.173647 6536.dat
1 1 60.632900 -242.329100 76.075740 -0.573582 0.000000 -0.819149 0.142243 -0.984808 -0.099601 -0.806705 -0.173647 0.564867 43093.dat
1 0 91.264400 -258.473800 52.461970 0.000000 -0.039422 0.999223 -0.984808 0.173512 0.006846 -0.173647 -0.984043 -0.038821 32039.dat
1 7 101.256700 -258.405500 52.073880 -0.999223 0.000000 0.039422 -0.006846 -0.984808 -0.173512 0.038821 -0.173647 0.984043 2736.dat
0 STUDIOSTEPDESC Shoulder
0 STEP
1 72 118.162300 -228.960300 46.161500 -0.030750 -0.998113 -0.053144 -0.984038 0.039554 -0.173512 0.175286 0.046958 -0.983397 14419.dat
1 72 110.177400 -228.643900 46.537190 -0.030750 -0.998113 -0.053144 -0.984038 0.039554 -0.173513 0.175287 0.046958 -0.983397 99780.dat
0 STUDIOSTEPDESC Arm
0 STEP
1 14 141.809500 -239.749900 46.787320 0.053144 -0.998113 -0.030750 0.173512 0.039554 -0.984038 0.983397 0.046958 0.175287 50950.dat
1 14 123.016400 -235.141600 69.361300 -0.998114 -0.053144 -0.030750 0.039554 -0.173512 -0.984038 0.046958 -0.983397 0.175287 43722.dat
0 STUDIOSTEPDESC Panels
0 STEP
1 71 109.565300 -179.884100 38.054190 0.067090 0.994741 -0.077406 0.172942 0.064813 0.982798 0.982644 -0.079321 -0.167684 14704.dat
1 7 101.607200 -180.402600 38.688780 -0.067090 0.994741 0.077406 -0.172942 0.064813 -0.982798 -0.982644 -0.079321 0.167684 2540.dat
1 0 117.523400 -179.365800 37.419700 -0.067090 0.994741 0.077406 -0.172942 0.064813 -0.982798 -0.982644 -0.079321 0.167684 48336.dat
1 14 93.649300 -180.921200 39.323380 0.067089 0.994740 -0.077406 0.172942 0.064813 0.982797 0.982645 -0.079321 -0.167684 3069b.dat
0 STUDIOSTEPDESC Hand
0 STEP
1 14 114.003200 -141.744100 20.862200 0.067089 0.995629 -0.064961 0.172942 0.052518 0.983530 0.982645 -0.077217 -0.168662 6019.dat
1 14 110.862000 -139.512200 41.036900 0.067089 0.953661 -0.293306 0.172942 0.278404 0.944766 0.982645 -0.114107 -0.146251 6019.dat
1 14 97.039300 -144.671600 12.358880 -0.980751 0.067090 -0.183376 -0.169578 0.172942 0.970224 0.096805 0.982645 -0.158236 4085c.dat
0 STUDIOSTEPDESC Fingers
0 STEP
1 71 66.368700 -243.751600 84.142840 -0.819149 -0.000001 0.573582 -0.099601 -0.984808 -0.142243 0.564868 -0.173647 0.806705 56902.dat
1 0 66.368700 -243.751400 84.142840 0.579226 -0.579227 -0.573582 -0.625937 -0.766794 0.142243 -0.522208 0.276635 -0.806705 61254.dat
0 STUDIOSTEPDESC Wheel
0 STEP
1 14 -69.800020 -215.745500 40.488080 -1.000000 -0.000001 0.000000 0.000000 -0.173647 0.984808 0.000000 0.984808 0.173647 6536.dat
1 72 -69.800040 -238.914600 56.711300 -0.000001 -0.000006 -1.000000 -0.984807 -0.173647 0.000002 -0.173648 0.984807 -0.000004 11214.dat
1 0 -54.479060 -241.146900 69.371700 -0.642784 -0.766047 0.000000 -0.133021 0.111616 -0.984807 0.754409 -0.633019 -0.173646 6536.dat
1 1 -60.906960 -242.477100 76.915900 0.642784 -0.000001 -0.766047 0.133021 -0.984807 0.111618 -0.754409 -0.173647 -0.633018 43093.dat
1 0 -89.800040 -258.610600 53.238320 -0.000001 -0.000005 -1.000000 -0.984807 -0.173648 0.000001 -0.173648 0.984807 -0.000004 32039.dat
1 7 -99.800040 -258.610700 53.238220 1.000000 0.000001 0.000005 0.000001 -0.984807 0.173648 0.000005 -0.173648 -0.984807 2736.dat
0 STUDIOSTEPDESC Shoulder
0 STEP
1 72 -119.501800 -229.843500 47.883890 0.124572 0.991176 -0.045254 -0.976441 0.130563 0.171797 0.176190 0.022785 0.984091 14419.dat
1 72 -111.573000 -228.797100 48.077490 -0.124624 0.991178 0.045113 0.976636 0.130564 -0.170681 -0.175065 0.022786 -0.984292 99780.dat
0 STUDIOSTEPDESC Arm
0 STEP
1 14 -142.044300 -242.741500 49.099000 0.045112 0.991178 0.124626 -0.170681 0.130564 -0.976642 -0.984295 0.022785 0.175066 50950.dat
1 14 -123.213700 -236.371500 71.208590 -0.991224 0.045114 0.124249 -0.130195 -0.170681 -0.976686 -0.022853 -0.984292 0.175056 43723.dat
0 STUDIOSTEPDESC Panels
0 STEP
1 0 -123.396500 -180.359000 39.202540 -0.011503 -0.999919 0.006015 0.174453 -0.007935 -0.984635 0.984598 -0.010275 0.174528 48336.dat
1 7 -107.397600 -180.232100 39.366940 -0.011503 -0.999919 0.006015 0.174453 -0.007935 -0.984635 0.984598 -0.010275 0.174528 2540.dat
1 71 -115.397000 -180.295700 39.284740 0.011504 -0.999920 -0.006015 -0.174453 -0.007935 0.984635 -0.984598 -0.010275 -0.174528 14704.dat
1 14 -99.398220 -180.177000 39.450640 -0.011498 -0.999916 0.006030 0.173601 -0.007935 -0.984784 0.984749 -0.010275 0.173678 3069b.dat
0 STUDIOSTEPDESC Hand
0 STEP
1 14 -111.065700 -144.432600 12.668120 -0.995974 -0.011503 -0.088898 -0.089539 0.174453 0.980586 0.004229 0.984599 -0.174780 4085c.dat
1 14 -124.522300 -142.652400 22.352120 0.011505 -0.998371 -0.055871 -0.174452 -0.057020 0.983013 -0.984599 -0.001563 -0.174823 6019.dat
1 14 -123.508200 -139.252800 42.074500 0.011504 -0.999914 0.006180 -0.174452 0.004079 0.984656 -0.984599 -0.012406 -0.174390 6019.dat
0 STUDIOSTEPDESC Fingers
0 STEP
1 71 -67.335060 -243.807400 84.460200 -0.766048 0.000001 -0.642787 0.111616 -0.984807 -0.133021 -0.633021 -0.173645 0.754411 56902.dat
1 0 -67.335060 -243.807400 84.460200 0.541679 0.541676 -0.642787 -0.775286 0.617440 -0.133021 0.324829 0.570399 0.754411 61254.dat
0 STUDIOSTEPDESC Wheel
0 STEP
1 72 40.000020 -107.940700 27.420370 -0.258817 -0.965926 0.000000 0.315573 -0.084558 -0.945118 0.912914 -0.244617 0.326704 47296.dat
1 0 39.762400 -71.517340 15.768000 0.194301 -0.965926 0.170976 -0.861264 -0.084558 0.501059 -0.469528 -0.244616 -0.848344 53585.dat
1 0 45.176360 -95.349720 2.627970 0.258816 0.965926 -0.000001 -0.315572 0.084558 -0.945116 -0.912910 0.244617 0.326705 32062.dat
1 0 47.764360 -98.505420 -6.501340 -0.258816 -0.000001 0.965926 0.315572 -0.945116 0.084558 0.912910 0.326705 0.244617 6536.dat
1 0 57.423700 -116.562200 2.479070 0.965926 0.258816 0.000001 0.084558 -0.315572 0.945116 0.244617 -0.912910 -0.326705 2780.dat
0 STUDIOSTEPDESC Upper Leg
0 STEP
1 14 24.957870 -69.334170 -8.819580 -0.114002 -0.232357 0.965926 0.987497 -0.132987 0.084558 0.108809 0.963488 0.244617 6536.dat
1 0 17.172500 -14.354140 2.917540 -0.965926 -0.224619 -0.128578 -0.084558 -0.195653 0.977015 -0.244616 0.954596 0.169994 32013.dat
1 0 24.321490 -68.676180 -6.534130 0.128578 -0.224619 -0.965926 -0.977013 -0.195652 -0.084557 -0.169993 0.954594 -0.244617 3705.dat
1 8 37.667560 -70.519940 14.987710 -0.965926 -0.170976 -0.194300 -0.084558 -0.501056 0.861262 -0.244616 0.848342 0.469527 6587.dat
1 0 26.831760 -13.508560 5.363710 0.965926 -0.040797 -0.255581 0.084558 0.983046 0.162652 0.244616 -0.178720 0.952999 2780.dat
0 STUDIOSTEPDESC Stabilizer
0 STEP
1 14 58.955280 -69.837540 20.628970 0.170974 -0.965926 -0.194303 0.501053 -0.084558 0.861269 -0.848332 -0.244616 0.469534 32140.dat
1 0 41.057330 -8.986030 29.388020 -0.965926 -0.074920 -0.247735 -0.084558 -0.813303 0.575650 -0.244616 0.576979 0.779254 2780.dat
1 14 36.491020 -12.662970 7.809880 0.046256 -0.965926 0.254648 -0.986299 -0.084558 -0.141573 0.158281 -0.244616 -0.956604 32523.dat
0 STUDIOSTEPDESC Lower Leg
0 STEP
1 71 67.082980 -115.716700 4.925150 -0.000001 0.258816 0.965926 -0.945116 -0.315572 0.084558 0.326705 -0.912910 0.244617 56902.dat
1 0 67.083060 -115.716500 4.924770 0.183012 0.183012 -0.965926 0.445160 -0.891445 -0.084558 -0.876548 -0.414517 -0.244617 61254.dat
1 0 32.853660 -84.209910 47.094940 -0.965716 0.020169 0.258817 -0.064806 0.946678 -0.315573 -0.251385 -0.321525 -0.912914 4599b.dat
1 36 33.337470 -61.489540 39.377910 0.258818 0.020169 0.965716 -0.315574 0.946679 0.064806 -0.912916 -0.321526 0.251385 6141.dat
0 STUDIOSTEPDESC Wheel
0 STEP
1 72 -41.332880 -106.320300 33.864380 0.335972 -0.941282 0.033322 0.167094 0.024749 -0.985632 0.926933 0.336712 0.165597 47296.dat
1 0 -48.718370 -89.949070 12.013360 -0.335970 0.941271 0.033324 -0.167091 -0.024748 -0.985651 -0.926928 -0.336708 0.165608 32062.dat
1 0 -52.971680 -92.064480 0.278360 0.335970 0.033324 0.941271 0.167091 -0.985651 -0.024748 0.926928 0.165608 -0.336708 6536.dat
1 0 -61.717930 -111.529900 6.957510 0.941271 -0.335970 -0.033324 -0.024748 -0.167091 0.985651 -0.336708 -0.926928 -0.165608 2780.dat
1 0 -42.665540 -66.894660 27.239620 -0.139130 -0.941271 -0.307620 -0.937151 0.024748 0.348103 -0.320063 0.336708 -0.885541 53585.dat
0 STUDIOSTEPDESC Upper Leg
0 STEP
1 8 -42.769020 -66.891700 27.276810 0.941271 -0.139130 -0.307620 -0.024748 -0.937151 0.348103 -0.336708 -0.320063 -0.885541 6587.dat
1 0 -28.484030 -6.971730 3.409180 -0.941270 0.336768 0.023961 0.024748 -0.001956 0.999716 0.336709 0.941581 -0.006492 32013.dat
1 0 -29.755880 -60.037620 3.753800 -0.023961 0.336769 -0.941282 -0.999692 -0.001957 0.024748 0.006492 0.941586 0.336712 3705.dat
1 14 -30.929200 -67.098010 0.992690 0.023962 0.336767 0.941271 0.999716 -0.001954 -0.024748 -0.006492 0.941580 -0.336708 6536.dat
1 0 -37.896940 -6.724240 6.776330 0.941282 -0.034097 0.335895 -0.024748 0.985243 0.169364 -0.336713 -0.167732 0.926548 2780.dat
0 STUDIOSTEPDESC Stabilizer
0 STEP
1 14 -61.594320 -66.396660 34.010800 -0.307619 -0.941271 0.139131 0.348104 0.024748 0.937150 -0.885540 0.336708 0.320064 32140.dat
1 0 -49.986220 -3.453540 32.136940 -0.941271 0.199134 0.272642 0.024748 -0.764669 0.643976 0.336708 0.612881 0.714843 2780.dat
1 14 -47.309540 -6.476630 10.143460 0.023684 -0.941270 -0.336799 -0.990007 0.024748 -0.138788 0.138975 0.336709 -0.931317 32523.dat
0 STUDIOSTEPDESC Lower Leg
0 STEP
1 71 -71.130620 -111.282300 10.324680 0.175739 -0.288271 -0.941271 0.887475 0.460237 0.024748 0.426049 -0.839700 0.336708 56902.dat
1 0 -71.130650 -111.282400 10.324600 -0.328107 0.079574 -0.941271 -0.302102 -0.952975 0.024748 -0.895024 0.292496 0.336708 61254.dat
1 0 -33.261580 -86.199930 55.361460 -0.941871 -0.000622 -0.335972 0.058953 0.984178 -0.167094 0.330760 -0.177187 -0.926933 4599b.dat
1 36 -33.277430 -62.579440 51.109480 -0.335973 -0.000623 0.941872 -0.167094 0.984179 -0.058953 -0.926935 -0.177187 -0.330760 6141.dat
0 STUDIOSTEPDESC Wheel
0 STEP
0 NOFILE
