0 FILE char.io
0 Untitled Model
0 Name:  char
0 Author:  Samuel HSU
0 CustomBrick
0 NumOfBricks:  9
1 16 0.000000 0.000000 -30.000000 1.000000 0.000000 0.000000 0.000000 1.000000 0.000000 0.000000 0.000000 1.000000 char-submodel.ldr
0 NOFILE
0 FILE char-submodel.ldr
0 char-submodel.ldr
0 Name:  char-submodel.ldr
0 Author:  
0 CustomBrick
0 NumOfBricks:  9
1 4 0.000000 -40.000000 1.000000 1.000000 0.000000 0.000000 0.000000 1.000000 0.000000 0.000000 0.000000 1.000000 3815.dat
1 4 0.000000 -28.000000 1.000000 1.000000 0.000000 0.000000 0.000000 1.000000 0.000000 0.000000 0.000000 1.000000 3816.dat
1 4 0.000000 -28.000000 1.000000 1.000000 0.000000 0.000000 0.000000 1.000000 0.000000 0.000000 0.000000 1.000000 3817.dat
0 STEP
1 4 0.000000 -72.000000 1.000000 1.000000 0.000000 0.000000 0.000000 1.000000 0.000000 0.000000 0.000000 1.000000 973.dat
1 4 15.471800 -63.124300 1.000000 0.985328 0.170671 0.000000 -0.170671 0.985328 0.000000 0.000000 0.000000 1.000000 3819.dat
1 4 -15.574600 -63.092800 1.000000 0.985495 -0.169703 0.000000 0.169703 0.985495 0.000000 0.000000 0.000000 1.000000 3818.dat
1 14 -23.726500 -45.216940 -8.500000 0.991565 0.048984 0.119998 0.048984 0.715542 -0.696850 -0.119998 0.696850 0.707107 3820.dat
1 14 23.641180 -45.256440 -9.000000 0.991482 0.048980 -0.120682 -0.119745 0.707266 -0.696732 0.051229 0.705249 0.707107 3820.dat
1 14 0.000000 -96.000000 1.000000 1.000000 0.000000 0.000000 0.000000 1.000000 0.000000 0.000000 0.000000 1.000000 3626c.dat
0 STEP
0 NOFILE
