0 FILE charCarIdle.io
0 Untitled Model
0 Name:  charCarIdle
0 Author:  Samuel HSU
0 CustomBrick
0 NumOfBricks:  147
1 16 -10.000000 36.000000 20.000000 1.000000 0.000000 0.000000 0.000000 0.984808 -0.173646 0.000000 0.173646 0.984808 charidle-submodel.ldr
0 STUDIOSTEPDESC Step 1
0 NOFILE
0 FILE charIdle-submodel.ldr
0 charIdle-submodel.ldr
0 Name:  charIdle-submodel.ldr
0 Author:  
0 CustomBrick
0 NumOfBricks:  147
1 71 0.000000 -205.745500 26.488210 0.000000 0.000000 -1.000000 1.000000 0.000000 0.000000 0.000000 -1.000000 0.000000 3795.dat
1 0 10.000000 -245.745500 50.488210 0.000000 0.000000 -1.000000 1.000000 0.000000 0.000000 0.000000 -1.000000 0.000000 32000.dat
1 0 -10.000000 -245.745500 50.488210 0.000000 0.000000 -1.000000 1.000000 0.000000 0.000000 0.000000 -1.000000 0.000000 32000.dat
1 0 10.000000 -215.745600 50.488220 0.000000 0.000000 -1.000000 1.000000 0.000000 0.000000 0.000000 -1.000000 0.000000 6541.dat
1 0 -10.000000 -215.745600 50.488220 0.000000 0.000000 -1.000000 1.000000 0.000000 0.000000 0.000000 -1.000000 0.000000 6541.dat
1 0 0.000000 -185.745500 50.488220 0.000000 0.000000 -1.000000 1.000000 0.000000 0.000000 0.000000 -1.000000 0.000000 3003.dat
1 72 0.000000 -145.745600 50.488220 -1.000000 0.000000 0.000000 0.000000 0.000000 -1.000000 0.000000 -1.000000 0.000000 57908.dat
1 71 0.000000 -255.745600 58.488210 1.000000 0.000000 0.000000 0.000000 0.000000 1.000000 0.000000 -1.000000 0.000000 14704.dat
1 71 0.000000 -185.745500 58.488220 0.000000 0.000000 -1.000000 1.000000 0.000000 0.000000 0.000000 -1.000000 0.000000 3795.dat
1 0 1.280000 -215.745500 40.488110 -1.000000 0.000000 0.000000 0.000000 0.173647 -0.984808 0.000000 -0.984808 -0.173647 3707.dat
1 7 30.000000 -215.745500 40.488120 0.000000 0.000000 -1.000000 0.984808 0.173647 0.000000 0.173647 -0.984808 0.000000 32269.dat
1 7 -28.720000 -215.745500 40.488110 0.000000 0.000000 -1.000000 0.984808 0.173647 0.000000 0.173647 -0.984808 0.000000 32269.dat
1 0 0.140000 -255.745500 40.488110 1.000000 0.000000 0.000000 0.000000 -0.467822 0.883824 0.000000 -0.883824 -0.467822 3706.dat
1 7 30.220000 -255.745500 40.488110 0.000000 0.000000 -1.000000 0.883824 -0.467822 0.000000 -0.467822 -0.883824 0.000000 32270.dat
1 7 -29.860000 -255.745500 40.488110 0.000000 0.000000 -1.000000 0.883824 -0.467822 0.000000 -0.467822 -0.883824 0.000000 32270.dat
1 71 0.000000 -205.745600 66.488200 0.000000 0.000000 1.000000 -1.000000 0.000000 0.000000 0.000000 -1.000000 0.000000 3795.dat
1 71 0.000000 -135.745500 66.488220 -1.000000 0.000000 0.000000 0.000000 0.000000 -1.000000 0.000000 -1.000000 0.000000 3023.dat
1 14 0.000000 -175.745500 90.488200 0.000000 0.000000 -1.000000 1.000000 0.000000 0.000000 0.000000 -1.000000 0.000000 3002.dat
1 14 0.000000 -225.745600 74.488120 1.000000 0.000000 0.000000 0.000000 0.000000 1.000000 0.000000 -1.000000 0.000000 3020.dat
1 71 -0.000200 -235.745700 82.488200 1.000012 0.000000 0.000000 0.000000 0.000000 1.000011 0.000000 -1.000000 0.000000 48336.dat
1 14 -10.000410 -232.531300 99.596010 0.000000 0.000000 -1.000012 -0.728122 -0.685457 0.000000 -0.685464 0.728113 0.000000 63868.dat
1 14 9.999800 -232.531300 99.596010 0.000000 0.000000 -1.000012 -0.728122 -0.685457 0.000000 -0.685465 0.728113 0.000000 63868.dat
1 14 -0.000310 -238.015000 105.420900 1.000012 0.000000 0.000000 0.000000 -0.685457 -0.728122 0.000000 0.728113 -0.685465 4859.dat
1 14 0.000000 -135.745500 90.488200 1.000000 0.000000 0.000000 0.000000 0.000000 1.000000 0.000000 -1.000000 0.000000 32000.dat
1 14 0.000000 -215.745600 82.488120 -1.000000 0.000000 0.000000 0.000000 0.000000 -1.000000 0.000000 -1.000000 0.000000 3710.dat
1 14 0.000000 -215.745600 90.488120 -1.000000 0.000000 0.000000 0.000000 0.000000 -1.000000 0.000000 -1.000000 0.000000 2431.dat
1 14 -0.000010 -195.745500 114.488200 1.000000 0.000000 0.000000 0.000000 0.000000 1.000000 0.000000 -1.000000 0.000000 2436a.dat
1 40 -30.000010 -209.745500 104.488200 -1.000000 0.000000 0.000000 0.000000 1.000000 0.000000 0.000000 0.000000 -1.000000 54200.dat
1 40 -10.000000 -209.745500 104.488200 -1.000000 0.000000 0.000000 0.000000 1.000000 0.000000 0.000000 0.000000 -1.000000 54200.dat
1 40 10.000000 -209.745500 104.488200 -1.000000 0.000000 0.000000 0.000000 1.000000 0.000000 0.000000 0.000000 -1.000000 54200.dat
1 40 30.000000 -209.745500 104.488200 -1.000000 0.000000 0.000000 0.000000 1.000000 0.000000 0.000000 0.000000 -1.000000 54200.dat
1 14 0.000000 -185.745500 98.488230 1.000000 0.000000 0.000000 0.000000 0.000000 1.000000 0.000000 -1.000000 0.000000 3020.dat
1 14 -0.000010 -195.745500 106.488200 1.000000 0.000000 0.000000 0.000000 0.000000 1.000000 0.000000 -1.000000 0.000000 3710.dat
1 14 30.000000 -165.745500 114.488200 -1.000000 0.000000 0.000000 0.000000 0.000000 -1.000000 0.000000 -1.000000 0.000000 61678.dat
1 14 -30.000010 -165.745500 114.488200 -1.000000 0.000000 0.000000 0.000000 0.000000 -1.000000 0.000000 -1.000000 0.000000 61678.dat
1 14 9.999990 -155.745500 114.488200 -1.000000 0.000000 0.000000 0.000000 0.000000 -1.000000 0.000000 -1.000000 0.000000 50950.dat
1 14 -10.000010 -155.745500 114.488200 -1.000000 0.000000 0.000000 0.000000 0.000000 -1.000000 0.000000 -1.000000 0.000000 50950.dat
1 7 0.000000 -287.953100 56.571960 0.000000 0.000000 1.000000 -0.984808 -0.173648 0.000000 0.173648 -0.984808 0.000000 2736.dat
1 0 0.000000 -317.497400 61.781400 0.000000 -1.000000 0.000000 0.173648 0.000000 -0.984808 0.984808 0.000000 0.173648 32013.dat
1 14 0.000000 -319.233800 51.933320 -1.000000 0.000000 0.000000 0.000000 -0.173648 -0.984808 0.000000 -0.984808 0.173648 4070.dat
1 7 0.000000 -321.104800 21.800420 0.000000 0.000000 -1.000000 -0.173648 -0.984808 0.000000 -0.984808 0.173648 0.000000 4697b.dat
1 14 0.000000 -330.818400 43.821720 -1.000000 0.000000 0.000000 0.000000 -0.984808 0.173648 0.000000 0.173648 0.984808 4085c.dat
1 14 18.709000 -310.721900 50.996920 -0.934435 -0.356094 -0.005401 0.283699 -0.735123 -0.615718 0.215283 -0.576881 0.787948 3818.dat
1 0 16.666700 -320.258500 31.474230 0.000000 0.968766 0.247977 -0.996195 -0.021612 0.084432 0.087153 -0.247033 0.965079 3820.dat
1 0 -17.236700 -321.951200 31.474260 0.000001 -0.968766 -0.247977 0.996195 0.021614 -0.084434 0.087156 -0.247033 0.965080 3820.dat
1 14 -18.091000 -316.989100 52.936970 -0.964307 0.240994 -0.109697 -0.073957 -0.642935 -0.762342 -0.254248 -0.727019 0.637810 3819.dat
1 43 11.710000 -300.524300 24.264190 0.000000 0.000000 -1.000000 0.984808 -0.173648 0.000000 -0.173648 -0.984808 0.000000 3024.dat
1 71 11.710000 -299.135200 32.142570 0.000000 0.000000 -1.000000 0.984808 -0.173648 0.000000 -0.173648 -0.984808 0.000000 2555.dat
1 7 0.000000 -298.093200 38.051400 0.000000 0.000000 -1.000000 -0.173648 -0.984808 0.000000 -0.984808 0.173648 0.000000 4697b.dat
1 71 -10.750000 -299.135200 32.142570 0.000000 0.000000 -1.000000 0.984808 -0.173648 0.000000 -0.173648 -0.984808 0.000000 2555.dat
1 43 -10.750000 -300.524300 24.264190 0.000000 0.000000 -1.000000 0.984808 -0.173648 0.000000 -0.173648 -0.984808 0.000000 3024.dat
1 14 50.140000 -255.745600 40.488160 1.000000 0.000000 0.000000 0.000000 -0.467822 0.883824 0.000000 -0.883824 -0.467822 6536.dat
1 0 50.140000 -265.102000 22.811690 0.000000 -0.147753 -0.989024 -0.883824 0.462687 -0.069122 0.467822 0.874124 -0.130588 32054.dat
1 7 50.140000 -229.749100 4.098830 0.000000 -0.147753 -0.989024 -0.883824 0.462687 -0.069122 0.467822 0.874124 -0.130588 4519.dat
1 0 50.140000 -228.847400 3.621470 0.989021 0.000000 0.147753 0.069122 -0.883825 -0.462686 0.130588 0.467821 -0.874124 53585.dat
1 7 50.140000 -192.690400 -15.516920 -0.147753 0.989024 0.000000 0.462687 0.069122 0.883824 0.874124 0.130588 -0.467822 32014.dat
1 71 11.829400 -209.385000 -22.836700 0.021193 -0.146226 0.989024 0.808318 0.584678 0.069122 -0.588367 0.797981 0.130588 18677.dat
1 1 20.469300 -194.763900 -19.434740 0.989024 -0.147753 0.000000 0.069122 0.462687 -0.883824 0.130588 0.874123 0.467822 43093.dat
1 14 50.140000 -228.847800 3.621790 -0.996195 0.000000 -0.087154 -0.040773 -0.883825 0.466041 -0.077028 0.467820 0.880461 90640.dat
1 71 50.534100 -201.526300 -30.199780 -0.994691 -0.087154 -0.054726 -0.089264 0.466041 0.880249 -0.051213 0.880461 -0.471347 88072.dat
1 47 54.001900 -225.453300 -45.540480 -0.087090 -0.007611 0.996172 0.466043 -0.884110 0.033989 0.880467 0.467218 0.080544 6141.dat
1 14 53.804000 -248.440200 -33.392740 -0.996166 -0.087154 0.007611 -0.034019 0.466041 0.884110 -0.080600 0.880461 -0.467218 4349.dat
1 14 14.914900 -239.583600 -30.220850 0.989024 -0.146225 -0.021193 0.069122 0.584678 -0.808318 0.130588 0.797981 0.588367 61678.dat
1 14 -49.860050 -255.745600 40.488150 1.000001 0.000001 0.000000 0.000000 -0.467821 0.883824 0.000001 -0.883824 -0.467822 6536.dat
1 0 -49.860060 -265.102100 22.811680 0.000000 0.173646 -0.984808 -0.883824 0.460714 0.081236 0.467822 0.870396 0.153472 32054.dat
1 7 -49.860140 -229.749300 4.098770 -0.000001 0.173644 -0.984807 -0.883818 0.460721 0.081236 0.467816 0.870409 0.153473 4519.dat
1 0 -49.860140 -229.360400 3.892930 0.984807 -0.000001 -0.173644 -0.081236 -0.883818 -0.460721 -0.153473 0.467816 -0.870409 53585.dat
1 7 -49.860130 -193.221000 -15.236330 0.173644 0.000001 -0.984807 0.460721 0.883818 0.081236 0.870409 -0.467816 0.153473 32014.dat
1 71 -12.020930 -210.273300 -24.034780 -0.017464 0.172763 0.984807 0.833002 0.547266 -0.081235 -0.552982 0.818949 -0.153473 18677.dat
1 1 -20.316070 -195.658200 -19.840370 -0.984809 0.051878 -0.165716 0.081235 0.981102 -0.175617 0.153474 -0.186411 -0.970411 43093.dat
1 14 -49.860500 -229.361900 3.897340 -0.992200 -0.008785 0.124360 0.074837 -0.839772 0.537756 0.099710 0.542865 0.833881 90640.dat
1 71 -52.506420 -204.098800 -30.695720 -0.991255 0.124360 -0.044143 0.029944 0.537754 0.842571 0.128520 0.833880 -0.536776 88072.dat
1 14 -55.137660 -252.182200 -31.497240 -0.992136 0.124354 0.014161 0.079386 0.537760 0.839349 0.096771 0.833890 -0.543394 4349.dat
1 47 -54.769470 -230.359000 -45.625520 -0.992135 -0.014159 0.124373 0.079391 -0.839356 0.537753 0.096779 0.543398 0.833878 6141.dat
1 14 -15.818040 -240.067200 -32.629830 0.984807 0.172763 0.017464 -0.081235 0.547267 -0.833002 -0.153473 0.818950 0.552982 61678.dat
1 14 71.280000 -215.745500 40.488150 -1.000000 0.000000 0.000000 0.000000 -0.173647 0.984808 -0.000001 0.984808 0.173647 6536.dat
1 72 71.280000 -238.914600 56.711350 0.000000 -0.039422 0.999223 -0.984808 0.173512 0.006846 -0.173647 -0.984043 -0.038821 11214.dat
1 0 54.897000 -240.906600 68.008740 -0.573582 0.819149 0.000000 0.142243 0.099601 -0.984808 -0.806705 -0.564867 -0.173647 6536.dat
1 1 60.632900 -242.329100 76.075740 -0.573582 0.000000 -0.819149 0.142243 -0.984808 -0.099601 -0.806705 -0.173647 0.564867 43093.dat
1 0 91.264400 -258.473800 52.461980 0.000000 -0.039422 0.999223 -0.984808 0.173512 0.006846 -0.173647 -0.984043 -0.038821 32039.dat
1 7 101.256700 -258.405500 52.073880 -0.999223 0.000000 0.039422 -0.006846 -0.984808 -0.173512 0.038821 -0.173647 0.984043 2736.dat
1 72 118.162300 -228.960300 46.161500 -0.030750 -0.998113 -0.053144 -0.984038 0.039554 -0.173512 0.175286 0.046958 -0.983397 14419.dat
1 72 110.177400 -228.643900 46.537190 -0.030750 -0.998113 -0.053144 -0.984038 0.039554 -0.173513 0.175287 0.046958 -0.983397 99780.dat
1 14 141.809500 -239.749900 46.787320 0.053144 -0.998113 -0.030750 0.173512 0.039554 -0.984038 0.983397 0.046958 0.175287 50950.dat
1 14 123.016400 -235.141600 69.361300 -0.998114 -0.053144 -0.030750 0.039554 -0.173512 -0.984038 0.046958 -0.983397 0.175287 43722.dat
1 71 109.565300 -179.884100 38.054190 0.067090 0.994741 -0.077406 0.172942 0.064813 0.982798 0.982644 -0.079321 -0.167684 14704.dat
1 7 101.607200 -180.402600 38.688780 -0.067090 0.994741 0.077406 -0.172942 0.064813 -0.982798 -0.982644 -0.079321 0.167684 2540.dat
1 0 117.523400 -179.365800 37.419700 -0.067090 0.994741 0.077406 -0.172942 0.064813 -0.982798 -0.982644 -0.079321 0.167684 48336.dat
1 14 93.649300 -180.921200 39.323380 0.067089 0.994740 -0.077406 0.172942 0.064813 0.982797 0.982645 -0.079321 -0.167684 3069b.dat
1 14 114.003200 -141.744100 20.862200 0.067089 0.995629 -0.064961 0.172942 0.052518 0.983530 0.982645 -0.077217 -0.168662 6019.dat
1 14 110.862000 -139.512200 41.036900 0.067089 0.953661 -0.293306 0.172942 0.278404 0.944766 0.982645 -0.114107 -0.146251 6019.dat
1 14 97.039300 -144.671600 12.358880 -0.980751 0.067090 -0.183376 -0.169578 0.172942 0.970224 0.096805 0.982645 -0.158236 4085c.dat
1 71 66.368700 -243.751600 84.142840 -0.819149 -0.000001 0.573582 -0.099601 -0.984808 -0.142243 0.564868 -0.173647 0.806705 56902.dat
1 0 66.368700 -243.751400 84.142840 0.579226 -0.579227 -0.573582 -0.625937 -0.766794 0.142243 -0.522208 0.276635 -0.806705 61254.dat
1 14 -69.800020 -215.745500 40.488080 -1.000000 -0.000001 0.000000 0.000000 -0.173647 0.984808 0.000000 0.984808 0.173647 6536.dat
1 72 -69.800040 -238.914600 56.711300 -0.000001 -0.000006 -1.000000 -0.984807 -0.173647 0.000002 -0.173648 0.984807 -0.000004 11214.dat
1 0 -54.479060 -241.146900 69.371700 -0.642784 -0.766047 0.000000 -0.133021 0.111616 -0.984807 0.754409 -0.633019 -0.173646 6536.dat
1 1 -60.906960 -242.477100 76.915900 0.642784 -0.000001 -0.766047 0.133021 -0.984807 0.111618 -0.754409 -0.173647 -0.633018 43093.dat
1 0 -89.800040 -258.610600 53.238320 -0.000001 -0.000005 -1.000000 -0.984807 -0.173648 0.000001 -0.173648 0.984807 -0.000004 32039.dat
1 7 -99.800040 -258.610700 53.238220 1.000000 0.000001 0.000005 0.000001 -0.984807 0.173648 0.000005 -0.173648 -0.984807 2736.dat
1 72 -119.501800 -229.843500 47.883890 0.124572 0.991176 -0.045254 -0.976441 0.130563 0.171797 0.176190 0.022785 0.984091 14419.dat
1 72 -111.573000 -228.797100 48.077500 -0.124624 0.991178 0.045113 0.976636 0.130564 -0.170681 -0.175065 0.022786 -0.984292 99780.dat
1 14 -142.044300 -242.741500 49.099000 0.045112 0.991178 0.124626 -0.170681 0.130564 -0.976642 -0.984295 0.022785 0.175066 50950.dat
1 14 -123.213700 -236.371500 71.208590 -0.991224 0.045114 0.124249 -0.130195 -0.170681 -0.976686 -0.022853 -0.984292 0.175056 43723.dat
1 0 -123.396500 -180.359000 39.202540 -0.011503 -0.999919 0.006015 0.174453 -0.007935 -0.984635 0.984598 -0.010275 0.174528 48336.dat
1 7 -107.397600 -180.232100 39.366940 -0.011503 -0.999919 0.006015 0.174453 -0.007935 -0.984635 0.984598 -0.010275 0.174528 2540.dat
1 71 -115.397000 -180.295700 39.284740 0.011504 -0.999920 -0.006015 -0.174453 -0.007935 0.984635 -0.984598 -0.010275 -0.174528 14704.dat
1 14 -99.398220 -180.177000 39.450640 -0.011498 -0.999916 0.006030 0.173601 -0.007935 -0.984784 0.984749 -0.010275 0.173678 3069b.dat
1 14 -111.065700 -144.432600 12.668120 -0.995974 -0.011503 -0.088898 -0.089539 0.174453 0.980586 0.004229 0.984599 -0.174780 4085c.dat
1 14 -124.522300 -142.652400 22.352120 0.011505 -0.998371 -0.055871 -0.174452 -0.057020 0.983013 -0.984599 -0.001563 -0.174823 6019.dat
1 14 -123.508200 -139.252800 42.074500 0.011504 -0.999914 0.006180 -0.174452 0.004079 0.984656 -0.984599 -0.012406 -0.174390 6019.dat
1 71 -67.335060 -243.807400 84.460200 -0.766048 0.000001 -0.642787 0.111616 -0.984807 -0.133021 -0.633021 -0.173645 0.754411 56902.dat
1 0 -67.335060 -243.807400 84.460200 0.541679 0.541676 -0.642787 -0.775286 0.617440 -0.133021 0.324829 0.570399 0.754411 61254.dat
1 72 40.000020 -107.940700 27.420370 -0.000001 -1.000000 0.000000 0.326705 -0.000001 -0.945118 0.945118 -0.000001 0.326704 47296.dat
1 0 40.000020 -70.135980 14.352200 -0.003384 -0.999953 0.009083 -0.897172 0.007047 0.441625 -0.441669 -0.006655 -0.897154 53585.dat
1 0 40.000040 -95.572360 1.983900 0.000001 1.000000 0.000000 -0.326704 0.000001 -0.945116 -0.945114 0.000001 0.326706 32062.dat
1 0 39.999850 -98.839370 -7.467410 -0.000001 0.000000 1.000000 0.326704 -0.945116 0.000001 0.945114 0.326706 0.000001 6536.dat
1 0 49.999950 -117.741800 -0.933180 1.000000 0.000001 0.000000 0.000001 -0.326704 0.945116 0.000001 -0.945114 -0.326706 2780.dat
1 14 20.024410 -67.506920 -6.204120 0.006603 -0.007095 0.999953 0.997904 -0.064332 -0.007047 0.064380 0.997906 0.006656 6536.dat
1 0 20.356010 -11.540780 3.224480 -0.999953 -0.007501 0.006139 0.007047 -0.127800 0.991776 -0.006655 0.991775 0.127849 32013.dat
1 0 20.014760 -66.683560 -3.883930 -0.006139 -0.007502 -0.999953 -0.991775 -0.127800 0.007048 -0.127848 0.991774 -0.006657 3705.dat
1 8 37.880420 -68.958950 14.014510 -0.999953 -0.009083 0.003383 0.007047 -0.441622 0.897171 -0.006655 0.897152 0.441668 6587.dat
1 0 30.355520 -11.611210 3.291130 0.999953 0.008394 -0.004844 -0.007047 0.972848 0.231338 0.006655 -0.231293 0.972863 2780.dat
1 14 59.869010 -70.276390 14.484850 0.009083 -0.999953 0.003384 0.441619 0.007047 0.897178 -0.897141 -0.006655 0.441675 32140.dat
1 0 50.254120 -7.543090 22.975820 -0.999953 -0.009668 -0.000691 0.007047 -0.774131 0.632986 -0.006655 0.632949 0.774164 2780.dat
1 14 40.355040 -11.681650 3.357660 -0.008290 -0.999953 0.005023 -0.977573 0.007047 -0.210462 0.210417 -0.006655 -0.977589 32523.dat
1 71 59.999950 -117.741800 -0.933260 0.000000 0.000001 1.000000 -0.945116 -0.326704 0.000001 0.326706 -0.945114 0.000001 56902.dat
1 0 59.999960 -117.741600 -0.933650 0.000001 0.000001 -1.000000 0.437289 -0.899317 -0.000001 -0.899320 -0.437288 -0.000001 61254.dat
1 0 39.916500 -83.898920 47.994540 -0.999782 0.020880 0.000001 0.019733 0.944912 -0.326705 -0.006823 -0.326633 -0.945118 4599b.dat
1 36 40.417300 -61.220920 40.155000 0.000001 0.020880 0.999782 -0.326706 0.944913 -0.019733 -0.945120 -0.326633 0.006823 6141.dat
1 72 -41.332880 -106.320300 33.864380 0.025167 -0.999127 0.033322 0.166464 -0.028679 -0.985632 0.985727 0.030352 0.165597 47296.dat
1 0 -42.502170 -89.936450 10.837620 -0.025166 0.999115 0.033322 -0.166461 0.028678 -0.985651 -0.985722 -0.030352 0.165608 32062.dat
1 0 -42.820670 -92.043910 -1.641690 0.025166 0.033322 0.999115 0.166461 -0.985651 0.028678 0.985722 0.165608 -0.030352 6536.dat
1 0 -52.145400 -112.043600 1.973900 0.999115 -0.025166 -0.033322 0.028678 -0.166461 0.985651 -0.030352 -0.985722 -0.165608 2780.dat
1 0 -42.665290 -66.894620 27.239740 0.016276 -0.999115 -0.038455 -0.936835 -0.028678 0.348648 -0.349460 0.030352 -0.936458 53585.dat
1 8 -42.775180 -66.897540 27.243240 0.999115 0.016276 -0.038455 0.028678 -0.936835 0.348648 -0.030352 -0.349460 -0.936458 6587.dat
1 0 -25.060670 -5.904500 9.072840 -0.999115 0.030439 -0.028590 -0.028679 -0.002576 0.999609 0.030353 0.999528 0.003449 32013.dat
1 0 -23.543100 -58.964710 8.889810 0.028588 0.030438 -0.999127 -0.999585 -0.002577 -0.028680 -0.003448 0.999534 0.030352 3705.dat
1 14 -23.431780 -66.022480 5.885700 -0.028589 0.030438 0.999115 0.999609 -0.002574 0.028678 0.003448 0.999527 -0.030352 6536.dat
1 0 -35.052030 -6.191290 9.376360 0.999127 -0.033381 0.025091 0.028680 0.985244 0.168734 -0.030353 -0.167867 0.985343 2780.dat
1 14 -62.757320 -67.471060 27.850150 -0.038456 -0.999115 -0.016276 0.348649 -0.028678 0.936834 -0.936457 0.030352 0.349461 32140.dat
1 0 -54.511960 -4.001720 29.785330 -0.999115 0.041483 0.004785 -0.028678 -0.764988 0.643433 0.030352 0.642704 0.765513 2780.dat
1 14 -45.043120 -6.477980 9.679950 0.032587 -0.999115 -0.026115 -0.989988 -0.028679 -0.138159 0.137290 0.030353 -0.990089 32523.dat
1 71 -62.136570 -112.330200 2.277510 -0.011444 -0.040157 -0.999115 0.887095 0.460740 -0.028678 0.461458 -0.886635 0.030352 56902.dat
1 0 -62.136560 -112.330300 2.277420 -0.020305 0.036489 -0.999115 -0.301478 -0.953061 -0.028678 -0.953250 0.300646 0.030352 61254.dat
1 0 -41.350560 -86.223780 56.847550 -0.999681 0.001386 -0.025167 0.005558 0.986032 -0.166464 0.024584 -0.166551 -0.985727 4599b.dat
1 36 -41.318340 -62.558780 52.850560 -0.025167 0.001386 0.999682 -0.166464 0.986033 -0.005558 -0.985729 -0.166551 -0.024584 6141.dat
0 STUDIOSTEPDESC Step 1
0 NOFILE
