0 FILE CharMinifigIdle.io
0 Untitled Model
0 Name:  CharMinifigIdle
0 Author:  Samuel HSU
0 CustomBrick
0 NumOfBricks:  9
1 16 0.000000 0.000000 -30.000000 1.000000 0.000000 0.000000 0.000000 1.000000 0.000000 0.000000 0.000000 1.000000 charidle-submodel.ldr
0 NOFILE
0 FILE charIdle-submodel.ldr
0 charIdle-submodel.ldr
0 Name:  charIdle-submodel.ldr
0 Author:  
0 CustomBrick
0 NumOfBricks:  9
1 4 0.000000 -40.000000 1.000000 1.000000 0.000000 0.000000 0.000000 1.000000 0.000000 0.000000 0.000000 1.000000 3815.dat
1 4 0.000000 -28.000000 1.000000 1.000000 0.000000 0.000000 0.000000 1.000000 0.000000 0.000000 0.000000 1.000000 3816.dat
1 4 0.000000 -28.000000 1.000000 1.000000 0.000000 0.000000 0.000000 1.000000 0.000000 0.000000 0.000000 1.000000 3817.dat
0 STEP
1 4 0.000000 -72.000000 1.000000 1.000000 0.000000 0.000000 0.000000 1.000000 0.000000 0.000000 0.000000 1.000000 973.dat
1 4 15.471800 -63.124300 1.000000 0.985328 0.147805 -0.085336 -0.170671 0.853319 -0.492665 0.000000 0.500001 0.866025 3819.dat
1 4 -15.574600 -63.092800 1.000000 0.985495 -0.146967 0.084851 0.169703 0.853464 -0.492747 0.000000 0.499999 0.866026 3818.dat
1 14 -24.100600 -43.044420 2.272720 0.978655 0.123956 0.163920 0.123956 0.280166 -0.951915 -0.163920 0.951915 0.258820 3820.dat
1 14 24.060080 -42.837980 1.839750 0.985939 -0.027329 -0.164855 -0.151746 0.266716 -0.951754 0.069980 0.963388 0.258819 3820.dat
1 14 0.000000 -96.000000 1.000000 1.000000 0.000000 0.000000 0.000000 1.000000 0.000000 0.000000 0.000000 1.000000 3626c.dat
0 STEP
0 NOFILE
