0 FILE charCarRun.io
0 Untitled Model
0 Name:  charCarRun
0 Author:  Samuel HSU
0 CustomBrick
0 NumOfBricks:  147
1 16 -10.000000 36.000000 20.000000 1.000000 0.000000 0.000000 0.000000 0.984808 -0.173646 0.000000 0.173646 0.984808 charrun-submodel.ldr
0 STUDIOSTEPDESC Step 1
0 NOFILE
0 FILE charRun-submodel.ldr
0 charRun-submodel.ldr
0 Name:  charRun-submodel.ldr
0 Author:  
0 CustomBrick
0 NumOfBricks:  147
1 71 0.000000 -205.745500 26.488210 0.000000 0.000000 -1.000000 1.000000 0.000000 0.000000 0.000000 -1.000000 0.000000 3795.dat
1 0 10.000000 -245.745500 50.488210 0.000000 0.000000 -1.000000 1.000000 0.000000 0.000000 0.000000 -1.000000 0.000000 32000.dat
1 0 -10.000000 -245.745500 50.488210 0.000000 0.000000 -1.000000 1.000000 0.000000 0.000000 0.000000 -1.000000 0.000000 32000.dat
1 0 10.000000 -215.745600 50.488220 0.000000 0.000000 -1.000000 1.000000 0.000000 0.000000 0.000000 -1.000000 0.000000 6541.dat
1 0 -10.000000 -215.745600 50.488220 0.000000 0.000000 -1.000000 1.000000 0.000000 0.000000 0.000000 -1.000000 0.000000 6541.dat
1 0 0.000000 -185.745500 50.488220 0.000000 0.000000 -1.000000 1.000000 0.000000 0.000000 0.000000 -1.000000 0.000000 3003.dat
1 72 0.000000 -145.745600 50.488220 -1.000000 0.000000 0.000000 0.000000 0.000000 -1.000000 0.000000 -1.000000 0.000000 57908.dat
1 71 0.000000 -255.745600 58.488210 1.000000 0.000000 0.000000 0.000000 0.000000 1.000000 0.000000 -1.000000 0.000000 14704.dat
1 71 0.000000 -185.745500 58.488220 0.000000 0.000000 -1.000000 1.000000 0.000000 0.000000 0.000000 -1.000000 0.000000 3795.dat
1 0 1.280000 -215.745500 40.488110 -1.000000 0.000000 0.000000 0.000000 0.173647 -0.984808 0.000000 -0.984808 -0.173647 3707.dat
1 7 30.000000 -215.745500 40.488120 0.000000 0.000000 -1.000000 0.984808 0.173647 0.000000 0.173647 -0.984808 0.000000 32269.dat
1 7 -28.720000 -215.745500 40.488110 0.000000 0.000000 -1.000000 0.984808 0.173647 0.000000 0.173647 -0.984808 0.000000 32269.dat
1 0 0.140000 -255.745500 40.488110 1.000000 0.000000 0.000000 0.000000 -0.467822 0.883824 0.000000 -0.883824 -0.467822 3706.dat
1 7 30.220000 -255.745500 40.488110 0.000000 0.000000 -1.000000 0.883824 -0.467822 0.000000 -0.467822 -0.883824 0.000000 32270.dat
1 7 -29.860000 -255.745500 40.488110 0.000000 0.000000 -1.000000 0.883824 -0.467822 0.000000 -0.467822 -0.883824 0.000000 32270.dat
1 71 0.000000 -205.745600 66.488200 0.000000 0.000000 1.000000 -1.000000 0.000000 0.000000 0.000000 -1.000000 0.000000 3795.dat
1 71 0.000000 -135.745500 66.488220 -1.000000 0.000000 0.000000 0.000000 0.000000 -1.000000 0.000000 -1.000000 0.000000 3023.dat
1 14 0.000000 -175.745500 90.488200 0.000000 0.000000 -1.000000 1.000000 0.000000 0.000000 0.000000 -1.000000 0.000000 3002.dat
1 14 0.000000 -225.745600 74.488120 1.000000 0.000000 0.000000 0.000000 0.000000 1.000000 0.000000 -1.000000 0.000000 3020.dat
1 71 -0.000200 -235.745700 82.488200 1.000012 0.000000 0.000000 0.000000 0.000000 1.000011 0.000000 -1.000000 0.000000 48336.dat
1 14 -10.000410 -232.531300 99.596010 0.000000 0.000000 -1.000012 -0.728122 -0.685457 0.000000 -0.685464 0.728113 0.000000 63868.dat
1 14 9.999800 -232.531300 99.596010 0.000000 0.000000 -1.000012 -0.728122 -0.685457 0.000000 -0.685465 0.728113 0.000000 63868.dat
1 14 -0.000310 -238.015000 105.420900 1.000012 0.000000 0.000000 0.000000 -0.685457 -0.728122 0.000000 0.728113 -0.685465 4859.dat
1 14 0.000000 -135.745500 90.488200 1.000000 0.000000 0.000000 0.000000 0.000000 1.000000 0.000000 -1.000000 0.000000 32000.dat
1 14 0.000000 -215.745600 82.488120 -1.000000 0.000000 0.000000 0.000000 0.000000 -1.000000 0.000000 -1.000000 0.000000 3710.dat
1 14 0.000000 -215.745600 90.488120 -1.000000 0.000000 0.000000 0.000000 0.000000 -1.000000 0.000000 -1.000000 0.000000 2431.dat
1 14 -0.000010 -195.745500 114.488200 1.000000 0.000000 0.000000 0.000000 0.000000 1.000000 0.000000 -1.000000 0.000000 2436a.dat
1 40 -30.000010 -209.745500 104.488200 -1.000000 0.000000 0.000000 0.000000 1.000000 0.000000 0.000000 0.000000 -1.000000 54200.dat
1 40 -10.000000 -209.745500 104.488200 -1.000000 0.000000 0.000000 0.000000 1.000000 0.000000 0.000000 0.000000 -1.000000 54200.dat
1 40 10.000000 -209.745500 104.488200 -1.000000 0.000000 0.000000 0.000000 1.000000 0.000000 0.000000 0.000000 -1.000000 54200.dat
1 40 30.000000 -209.745500 104.488200 -1.000000 0.000000 0.000000 0.000000 1.000000 0.000000 0.000000 0.000000 -1.000000 54200.dat
1 14 0.000000 -185.745500 98.488230 1.000000 0.000000 0.000000 0.000000 0.000000 1.000000 0.000000 -1.000000 0.000000 3020.dat
1 14 -0.000010 -195.745500 106.488200 1.000000 0.000000 0.000000 0.000000 0.000000 1.000000 0.000000 -1.000000 0.000000 3710.dat
1 14 30.000000 -165.745500 114.488200 -1.000000 0.000000 0.000000 0.000000 0.000000 -1.000000 0.000000 -1.000000 0.000000 61678.dat
1 14 -30.000010 -165.745500 114.488200 -1.000000 0.000000 0.000000 0.000000 0.000000 -1.000000 0.000000 -1.000000 0.000000 61678.dat
1 14 9.999990 -155.745500 114.488200 -1.000000 0.000000 0.000000 0.000000 0.000000 -1.000000 0.000000 -1.000000 0.000000 50950.dat
1 14 -10.000010 -155.745500 114.488200 -1.000000 0.000000 0.000000 0.000000 0.000000 -1.000000 0.000000 -1.000000 0.000000 50950.dat
1 7 0.000000 -287.953100 56.571960 0.000000 0.000000 1.000000 -0.984808 -0.173648 0.000000 0.173648 -0.984808 0.000000 2736.dat
1 0 0.000000 -317.497400 61.781400 0.000000 -1.000000 0.000000 0.173648 0.000000 -0.984808 0.984808 0.000000 0.173648 32013.dat
1 14 0.000000 -319.233800 51.933320 -1.000000 0.000000 0.000000 0.000000 -0.173648 -0.984808 0.000000 -0.984808 0.173648 4070.dat
1 7 0.000000 -321.104800 21.800420 0.000000 0.000000 -1.000000 -0.173648 -0.984808 0.000000 -0.984808 0.173648 0.000000 4697b.dat
1 14 0.000000 -330.818400 43.821720 -1.000000 0.000000 0.000000 0.000000 -0.984808 0.173648 0.000000 0.173648 0.984808 4085c.dat
1 14 18.709000 -310.721900 50.996920 -0.934435 -0.356094 -0.005401 0.283699 -0.735123 -0.615718 0.215283 -0.576881 0.787948 3818.dat
1 0 16.666700 -320.258500 31.474230 0.000000 0.968766 0.247977 -0.996195 -0.021612 0.084432 0.087153 -0.247033 0.965079 3820.dat
1 0 -17.236700 -321.951200 31.474260 0.000001 -0.968766 -0.247977 0.996195 0.021614 -0.084434 0.087156 -0.247033 0.965080 3820.dat
1 14 -18.091000 -316.989100 52.936970 -0.964307 0.240994 -0.109697 -0.073957 -0.642935 -0.762342 -0.254248 -0.727019 0.637810 3819.dat
1 43 11.710000 -300.524300 24.264190 0.000000 0.000000 -1.000000 0.984808 -0.173648 0.000000 -0.173648 -0.984808 0.000000 3024.dat
1 71 11.710000 -299.135200 32.142570 0.000000 0.000000 -1.000000 0.984808 -0.173648 0.000000 -0.173648 -0.984808 0.000000 2555.dat
1 7 0.000000 -298.093200 38.051400 0.000000 0.000000 -1.000000 -0.173648 -0.984808 0.000000 -0.984808 0.173648 0.000000 4697b.dat
1 71 -10.750000 -299.135200 32.142570 0.000000 0.000000 -1.000000 0.984808 -0.173648 0.000000 -0.173648 -0.984808 0.000000 2555.dat
1 43 -10.750000 -300.524300 24.264190 0.000000 0.000000 -1.000000 0.984808 -0.173648 0.000000 -0.173648 -0.984808 0.000000 3024.dat
1 14 50.140000 -255.745600 40.488160 1.000000 0.000000 0.000000 0.000000 -0.467822 0.883824 0.000000 -0.883824 -0.467822 6536.dat
1 0 50.140000 -265.102000 22.811690 0.000000 -0.147753 -0.989024 -0.883824 0.462687 -0.069122 0.467822 0.874124 -0.130588 32054.dat
1 7 50.140000 -229.749100 4.098830 0.000000 -0.147753 -0.989024 -0.883824 0.462687 -0.069122 0.467822 0.874124 -0.130588 4519.dat
1 0 50.140000 -228.847400 3.621470 0.989021 0.000000 0.147753 0.069122 -0.883825 -0.462686 0.130588 0.467821 -0.874124 53585.dat
1 7 50.140000 -192.690400 -15.516920 -0.147753 0.989024 0.000000 0.462687 0.069122 0.883824 0.874124 0.130588 -0.467822 32014.dat
1 71 11.829400 -209.385000 -22.836700 0.021193 -0.146226 0.989024 0.808318 0.584678 0.069122 -0.588367 0.797981 0.130588 18677.dat
1 1 20.469300 -194.763900 -19.434740 0.989024 -0.147753 0.000000 0.069122 0.462687 -0.883824 0.130588 0.874123 0.467822 43093.dat
1 14 50.140000 -228.847800 3.621790 -0.996195 0.000000 -0.087154 -0.040773 -0.883825 0.466041 -0.077028 0.467820 0.880461 90640.dat
1 71 50.534100 -201.526300 -30.199780 -0.994691 -0.087154 -0.054726 -0.089264 0.466041 0.880249 -0.051213 0.880461 -0.471347 88072.dat
1 47 54.001900 -225.453300 -45.540480 -0.087090 -0.007611 0.996172 0.466043 -0.884110 0.033989 0.880467 0.467218 0.080544 6141.dat
1 14 53.804000 -248.440200 -33.392740 -0.996166 -0.087154 0.007611 -0.034019 0.466041 0.884110 -0.080600 0.880461 -0.467218 4349.dat
1 14 14.914900 -239.583600 -30.220850 0.989024 -0.146225 -0.021193 0.069122 0.584678 -0.808318 0.130588 0.797981 0.588367 61678.dat
1 14 -49.860050 -255.745600 40.488150 1.000001 0.000001 0.000000 0.000000 -0.467821 0.883824 0.000001 -0.883824 -0.467822 6536.dat
1 0 -49.860060 -265.102100 22.811680 0.000000 0.173646 -0.984808 -0.883824 0.460714 0.081236 0.467822 0.870396 0.153472 32054.dat
1 7 -49.860140 -229.749300 4.098770 -0.000001 0.173644 -0.984807 -0.883818 0.460721 0.081236 0.467816 0.870409 0.153473 4519.dat
1 0 -49.860140 -229.360400 3.892930 0.984807 -0.000001 -0.173644 -0.081236 -0.883818 -0.460721 -0.153473 0.467816 -0.870409 53585.dat
1 7 -49.860130 -193.221000 -15.236330 0.173644 0.000001 -0.984807 0.460721 0.883818 0.081236 0.870409 -0.467816 0.153473 32014.dat
1 71 -12.020930 -210.273300 -24.034780 -0.017464 0.172763 0.984807 0.833002 0.547266 -0.081235 -0.552982 0.818949 -0.153473 18677.dat
1 1 -20.316070 -195.658200 -19.840370 -0.984809 0.051878 -0.165716 0.081235 0.981102 -0.175617 0.153474 -0.186411 -0.970411 43093.dat
1 14 -49.860500 -229.361900 3.897340 -0.992200 -0.008785 0.124360 0.074837 -0.839772 0.537756 0.099710 0.542865 0.833881 90640.dat
1 71 -52.506420 -204.098800 -30.695720 -0.991255 0.124360 -0.044143 0.029944 0.537754 0.842571 0.128520 0.833880 -0.536776 88072.dat
1 14 -55.137660 -252.182200 -31.497240 -0.992136 0.124354 0.014161 0.079386 0.537760 0.839349 0.096771 0.833890 -0.543394 4349.dat
1 47 -54.769470 -230.359000 -45.625520 -0.992135 -0.014159 0.124373 0.079391 -0.839356 0.537753 0.096779 0.543398 0.833878 6141.dat
1 14 -15.818040 -240.067200 -32.629830 0.984807 0.172763 0.017464 -0.081235 0.547267 -0.833002 -0.153473 0.818950 0.552982 61678.dat
1 14 71.280000 -215.745500 40.488150 -1.000000 0.000000 0.000000 0.000000 -0.173647 0.984808 -0.000001 0.984808 0.173647 6536.dat
1 72 71.280000 -238.914600 56.711350 0.000000 -0.039422 0.999223 -0.984808 0.173512 0.006846 -0.173647 -0.984043 -0.038821 11214.dat
1 0 54.897000 -240.906600 68.008740 -0.573582 0.819149 0.000000 0.142243 0.099601 -0.984808 -0.806705 -0.564867 -0.173647 6536.dat
1 1 60.632900 -242.329100 76.075740 -0.573582 0.000000 -0.819149 0.142243 -0.984808 -0.099601 -0.806705 -0.173647 0.564867 43093.dat
1 0 91.264400 -258.473800 52.461980 0.000000 -0.039422 0.999223 -0.984808 0.173512 0.006846 -0.173647 -0.984043 -0.038821 32039.dat
1 7 101.256700 -258.405500 52.073880 -0.999223 0.000000 0.039422 -0.006846 -0.984808 -0.173512 0.038821 -0.173647 0.984043 2736.dat
1 72 119.054100 -235.518100 70.639710 -0.060477 -0.998113 -0.010605 -0.765445 0.039556 0.642285 -0.640654 0.046959 -0.766393 14419.dat
1 72 111.069200 -235.201700 71.015360 -0.060477 -0.998113 -0.010605 -0.765446 0.039556 0.642284 -0.640654 0.046959 -0.766394 99780.dat
1 14 142.404000 -244.121800 63.106220 0.010605 -0.998113 -0.060477 -0.642285 0.039556 -0.765446 0.766393 0.046959 -0.640654 50950.dat
1 14 122.675100 -257.461000 80.906060 -0.998114 -0.010605 -0.060477 0.039556 0.642285 -0.765446 0.046959 -0.766393 -0.640654 43722.dat
1 71 111.923400 -197.321100 102.861700 0.024555 0.998551 -0.047919 -0.642774 0.052480 0.764256 0.765661 0.012036 0.643132 14704.dat
1 7 103.934800 -197.740900 102.765400 -0.024555 0.998551 0.047919 0.642774 0.052480 -0.764256 -0.765661 0.012036 -0.643132 2540.dat
1 0 119.912000 -196.901500 102.957900 -0.024555 0.998551 0.047919 0.642774 0.052480 -0.764256 -0.765661 0.012036 -0.643132 48336.dat
1 14 95.946460 -198.160900 102.669100 0.024554 0.998550 -0.047919 -0.642775 0.052480 0.764255 0.765662 0.012036 0.643131 3069b.dat
1 14 117.998300 -159.872500 121.044600 0.024554 0.999069 -0.035428 -0.642775 0.042919 0.764851 0.765662 0.003993 0.643231 6019.dat
1 14 113.961000 -173.691500 135.693900 0.024554 0.963834 -0.265368 -0.642775 0.218525 0.734226 0.765662 0.152545 0.624894 6019.dat
1 14 101.393200 -154.410400 113.101800 -0.987693 0.024555 -0.154465 -0.133938 -0.642775 0.754255 -0.080767 0.765662 0.638153 4085c.dat
1 71 66.368700 -243.751600 84.142840 -0.819149 -0.000001 0.573582 -0.099601 -0.984808 -0.142243 0.564868 -0.173647 0.806705 56902.dat
1 0 66.368700 -243.751400 84.142840 0.579226 -0.579227 -0.573582 -0.625937 -0.766794 0.142243 -0.522208 0.276635 -0.806705 61254.dat
1 14 -69.800020 -215.745500 40.488080 -1.000000 -0.000001 0.000000 0.000000 -0.173647 0.984808 0.000000 0.984808 0.173647 6536.dat
1 72 -69.800040 -238.914600 56.711300 -0.000001 -0.000006 -1.000000 -0.984807 -0.173647 0.000002 -0.173648 0.984807 -0.000004 11214.dat
1 0 -54.479060 -241.146900 69.371700 -0.642784 -0.766047 0.000000 -0.133021 0.111616 -0.984807 0.754409 -0.633019 -0.173646 6536.dat
1 1 -60.906960 -242.477100 76.915900 0.642784 -0.000001 -0.766047 0.133021 -0.984807 0.111618 -0.754409 -0.173647 -0.633018 43093.dat
1 0 -89.800040 -258.610600 53.238320 -0.000001 -0.000005 -1.000000 -0.984807 -0.173648 0.000001 -0.173648 0.984807 -0.000004 32039.dat
1 7 -99.800040 -258.610700 53.238220 1.000000 0.000001 0.000005 0.000001 -0.984807 0.173648 0.000005 -0.173648 -0.984807 2736.dat
1 72 -117.428400 -242.195400 28.466950 0.055457 0.991176 -0.120377 -0.564713 0.130562 0.814893 0.823421 0.022786 0.566971 14419.dat
1 72 -109.500400 -241.141500 28.655780 -0.055595 0.991178 0.120315 0.565643 0.130563 -0.814247 -0.822772 0.022786 -0.567912 99780.dat
1 14 -140.662000 -250.976000 36.154360 0.120314 0.991178 0.055597 -0.814249 0.130563 -0.565647 -0.567914 0.022785 0.822777 50950.dat
1 14 -123.485600 -230.449000 49.101100 -0.991198 0.120316 0.055220 -0.130350 -0.814247 -0.565693 -0.023097 -0.567912 0.822763 43723.dat
1 0 -117.854400 -213.348300 -12.847860 -0.086700 -0.994258 -0.062786 0.817881 -0.035055 -0.574320 0.568817 -0.101141 0.816221 48336.dat
1 7 -101.946000 -212.787400 -11.229560 -0.086700 -0.994258 -0.062786 0.817881 -0.035055 -0.574320 0.568817 -0.101141 0.816221 2540.dat
1 71 -109.900200 -213.067900 -12.038590 0.086701 -0.994259 0.062786 -0.817881 -0.035055 0.574320 -0.568817 -0.101141 -0.816221 14704.dat
1 14 -93.992530 -212.511800 -10.413480 -0.086755 -0.994255 -0.062706 0.817384 -0.035055 -0.575025 0.569524 -0.101141 0.815729 3069b.dat
1 14 -101.342100 -206.340100 -55.568620 -0.996036 -0.086700 -0.019864 -0.082549 0.817882 0.569435 -0.033124 0.568818 -0.821796 4085c.dat
1 14 -115.465300 -198.546300 -51.347080 0.086702 -0.996147 0.013127 -0.817881 -0.063649 0.571857 -0.568818 -0.060319 -0.820247 6019.dat
1 14 -115.969100 -182.203000 -39.762510 0.086701 -0.993413 0.074907 -0.817881 -0.028047 0.574703 -0.568819 -0.111093 -0.814925 6019.dat
1 71 -67.335060 -243.807400 84.460200 -0.766048 0.000001 -0.642787 0.111616 -0.984807 -0.133021 -0.633021 -0.173645 0.754411 56902.dat
1 0 -67.335060 -243.807400 84.460200 0.541679 0.541676 -0.642787 -0.775286 0.617440 -0.133021 0.324829 0.570399 0.754411 61254.dat
1 72 40.000060 -128.254000 4.515970 -0.000001 -1.000000 -0.000001 0.899315 -0.000001 -0.437285 0.437284 -0.000001 0.899314 47296.dat
1 0 40.000090 -110.762600 -31.456600 -0.009613 -0.999953 0.001243 -0.809082 0.007047 -0.587654 0.587617 -0.006655 -0.809112 53585.dat
1 0 40.000080 -137.494600 -22.216080 0.000001 1.000000 -0.000001 -0.899311 0.000001 -0.437282 -0.437282 0.000001 0.899314 32062.dat
1 0 39.999900 -146.487800 -26.589040 -0.000001 -0.000001 1.000000 0.899311 -0.437282 0.000001 0.437282 0.899314 0.000001 6536.dat
1 0 49.999970 -155.233500 -8.602590 1.000000 0.000001 0.000001 0.000001 -0.899311 0.437282 0.000001 -0.437282 -0.899314 2780.dat
1 14 19.829950 -127.526000 -43.316310 0.009354 0.002533 0.999953 0.522317 0.852725 -0.007046 -0.852701 0.522357 0.006655 6536.dat
1 0 20.372800 -93.086120 -88.425340 -0.999953 0.001932 0.009498 0.007047 0.817704 0.575602 -0.006655 0.575641 -0.817677 32013.dat
1 0 19.844760 -125.089700 -42.962480 -0.009498 0.001931 -0.999953 -0.575601 0.817703 0.007046 0.817676 0.575640 -0.006657 3705.dat
1 8 37.879850 -110.492000 -32.649660 -0.999953 -0.001243 0.009612 0.007047 0.587652 0.809081 -0.006655 0.809108 -0.587617 6587.dat
1 0 30.372310 -93.156570 -88.358760 0.999953 0.008199 0.005167 -0.007047 0.249086 0.968457 0.006655 -0.968447 0.249131 2780.dat
1 14 59.869100 -110.902400 -31.323850 0.001243 -0.999953 0.009613 -0.587644 0.007047 0.809090 -0.809100 -0.006655 -0.587620 32140.dat
1 0 50.471150 -74.039620 -82.829590 -0.999953 -0.005120 0.008230 0.007047 0.198880 0.979998 -0.006655 0.980008 -0.198838 2780.dat
1 14 40.371860 -93.227040 -88.292240 -0.008309 -0.999953 -0.004990 -0.269757 0.007047 -0.962902 0.962890 -0.006655 -0.269802 32523.dat
1 71 59.999970 -155.233500 -8.602650 -0.000001 0.000001 1.000000 -0.437282 -0.899311 0.000001 0.899314 -0.437282 0.000001 56902.dat
1 0 59.999980 -155.233700 -8.603060 0.000001 0.000000 -1.000000 -0.326705 -0.945123 -0.000001 -0.945125 0.326704 -0.000001 61254.dat
1 0 39.916560 -96.705780 2.063980 -0.999782 0.020881 0.000001 0.009129 0.437189 -0.899315 -0.018779 -0.899118 -0.437284 4599b.dat
1 36 40.417380 -86.213420 -19.515170 0.000001 0.020881 0.999782 -0.899317 0.437190 -0.009129 -0.437285 -0.899119 0.018779 6141.dat
1 72 -40.514420 -109.631100 57.677820 0.039728 -0.999127 0.012861 -0.428974 -0.028679 -0.902863 0.902444 0.030352 -0.429739 47296.dat
1 0 -41.565720 -82.993790 48.223780 -0.039727 0.999115 0.012860 0.428973 0.028678 -0.902885 -0.902438 -0.030352 -0.429741 32062.dat
1 0 -42.068560 -77.562980 36.798840 0.039727 0.012860 0.999115 -0.428973 -0.902885 0.028678 0.902438 -0.429741 -0.030352 6536.dat
1 0 -51.802530 -95.907310 28.507530 0.999115 -0.039727 -0.012860 0.028678 0.428973 0.902885 -0.030352 -0.902438 0.429741 2780.dat
1 0 -41.028400 -73.515750 74.866990 -0.008725 -0.999115 -0.040835 -0.567428 -0.028678 0.822926 -0.823405 0.030352 -0.566669 53585.dat
1 8 -41.138260 -73.518840 74.870590 0.999115 -0.008725 -0.040835 0.028678 -0.567428 0.822926 -0.030352 -0.823405 -0.566669 6587.dat
1 0 -22.250680 -13.347900 94.538620 -0.999115 0.041331 -0.005961 -0.028680 -0.575444 0.817354 0.030353 0.816790 0.576146 32013.dat
1 0 -21.934280 -56.733840 63.956300 0.005959 0.041330 -0.999127 -0.817335 -0.575448 -0.028680 -0.576131 0.816794 0.030351 3705.dat
1 14 -22.015390 -60.795580 57.449000 -0.005960 0.041330 0.999115 0.817355 -0.575442 0.028678 0.576145 0.816790 -0.030352 6536.dat
1 0 -32.242060 -13.634690 94.842120 0.999127 -0.012953 0.039700 0.028680 0.903847 -0.426893 -0.030352 0.427658 0.903431 2780.dat
1 14 -61.120420 -74.092300 75.477550 -0.040836 -0.999115 0.008725 0.822926 -0.028678 0.567427 -0.566667 0.030352 0.823405 32140.dat
1 0 -51.422600 -23.301880 113.244900 -0.999115 0.031235 0.027713 -0.028678 -0.995682 0.088291 0.030352 0.087396 0.995728 2780.dat
1 14 -42.233140 -13.921380 95.145790 0.011717 -0.999115 -0.040085 -0.890197 -0.028680 0.454676 -0.455411 0.030353 -0.889780 32523.dat
1 71 -61.793690 -96.194030 28.811200 0.013660 -0.039458 -0.999115 0.462416 0.886224 -0.028678 0.886564 -0.461591 0.030352 56902.dat
1 0 -61.793680 -96.194040 28.811080 -0.037562 0.018243 -0.999115 0.299680 -0.953631 -0.028678 -0.953293 -0.300500 0.030352 61254.dat
1 0 -39.826080 -106.340400 88.022430 -0.998971 0.021835 -0.039728 0.002685 0.903313 0.428974 0.045253 0.428426 -0.902444 4599b.dat
1 36 -39.303090 -84.660830 98.304980 -0.039728 0.021835 0.998972 0.428975 0.903314 -0.002685 -0.902445 0.428426 -0.045253 6141.dat
0 STUDIOSTEPDESC Step 1
0 NOFILE
