0 FILE vehicle.io
0 Untitled Model
0 Name:  vehicle
0 Author:  Samuel HSU
0 CustomBrick
0 NumOfBricks:  35
1 16 0.000000 0.000000 10.000000 1.000000 0.000000 0.000000 0.000000 1.000000 0.000000 0.000000 0.000000 1.000000 vehicle-submodel.ldr
0 NOFILE
0 FILE vehicle-submodel.ldr
0 vehicle-submodel.ldr
0 Name:  vehicle-submodel.ldr
0 Author:  
0 CustomBrick
0 NumOfBricks:  35
1 7 0.000000 -24.000000 7.000000 1.000000 0.000000 0.000000 0.000000 1.000000 0.000000 0.000000 0.000000 1.000000 30248.dat
1 0 -50.000000 -24.000000 37.000000 0.000000 0.000000 1.000000 0.000000 1.000000 0.000000 -1.000000 0.000000 0.000000 3004.dat
1 0 50.000000 -24.000000 37.000000 0.000000 0.000000 1.000000 0.000000 1.000000 0.000000 -1.000000 0.000000 0.000000 3004.dat
1 0 50.000000 -24.000000 97.000000 0.000000 0.000000 1.000000 0.000000 1.000000 0.000000 -1.000000 0.000000 0.000000 3004.dat
1 0 -50.000000 -24.000000 97.000010 0.000000 0.000000 1.000000 0.000000 1.000000 0.000000 -1.000000 0.000000 0.000000 3004.dat
1 8 -50.000000 -24.000000 -33.000000 1.000000 0.000000 0.000000 0.000000 1.000000 0.000000 0.000000 0.000000 1.000000 3005.dat
1 8 50.000000 -24.000000 -33.000000 1.000000 0.000000 0.000000 0.000000 1.000000 0.000000 0.000000 0.000000 1.000000 3005.dat
1 8 -50.000000 -24.000000 -53.000000 1.000000 0.000000 0.000000 0.000000 1.000000 0.000000 0.000000 0.000000 1.000000 3040b.dat
1 8 50.000000 -24.000000 -53.000000 1.000000 0.000000 0.000000 0.000000 1.000000 0.000000 0.000000 0.000000 1.000000 3040b.dat
1 8 0.000000 -32.000000 37.000000 1.000000 0.000000 0.000000 0.000000 1.000000 0.000000 0.000000 0.000000 1.000000 30303.dat
1 7 50.000000 -40.000000 37.000000 0.000000 0.000000 -1.000000 0.000000 1.000000 0.000000 1.000000 0.000000 0.000000 2412a.dat
1 7 -50.000000 -40.000000 37.000000 0.000000 0.000000 -1.000000 0.000000 1.000000 0.000000 1.000000 0.000000 0.000000 2412a.dat
1 14 0.000000 -40.000000 97.000000 1.000000 0.000000 0.000000 0.000000 1.000000 0.000000 0.000000 0.000000 1.000000 3795.dat
1 14 0.000000 -40.000000 -23.000000 1.000000 0.000000 0.000000 0.000000 1.000000 0.000000 0.000000 0.000000 1.000000 3022.dat
1 0 -50.000000 -32.000000 -43.000000 0.000000 0.000000 1.000000 0.000000 1.000000 0.000000 -1.000000 0.000000 0.000000 2540.dat
1 0 50.000000 -32.000000 -43.000000 0.000000 0.000000 -1.000000 0.000000 1.000000 0.000000 1.000000 0.000000 0.000000 2540.dat
1 7 0.000000 -48.000000 97.000000 1.000000 0.000000 0.000000 0.000000 1.000000 0.000000 0.000000 0.000000 1.000000 2512.dat
1 3 0.000000 -64.000000 7.000000 1.000000 0.000000 0.000000 0.000000 1.000000 0.000000 0.000000 0.000000 1.000000 3298.dat
1 7 10.000000 -72.000000 7.000000 0.000000 0.000000 -1.000000 0.000000 1.000000 0.000000 1.000000 0.000000 0.000000 4085c.dat
1 7 -10.000000 -72.000000 7.000000 0.000000 0.000000 1.000000 0.000000 1.000000 0.000000 -1.000000 0.000000 0.000000 4085c.dat
1 72 0.000000 -80.000000 7.000000 1.000000 0.000000 0.000000 0.000000 1.000000 0.000000 0.000000 0.000000 1.000000 3069b.dat
1 7 50.000000 -64.641020 -41.000000 -0.866026 0.000000 -0.500000 0.500000 0.000000 -0.866026 0.000000 -1.000000 0.000000 4735.dat
1 7 -47.057000 -62.766130 -39.810010 -0.819153 0.000000 0.573575 -0.573575 0.000000 -0.819153 0.000000 -1.000000 0.000000 4735.dat
1 8 50.000000 -64.641030 -57.000000 0.866026 0.000000 0.500000 -0.500000 0.000000 0.866026 0.000000 -1.000000 0.000000 4740.dat
1 8 -47.057000 -62.766140 -55.810020 0.819153 0.000000 -0.573575 0.573575 0.000000 0.819153 0.000000 -1.000000 0.000000 4740.dat
1 42 -47.057000 -62.766140 -63.810020 0.819153 0.000000 -0.573575 0.573575 0.000000 0.819153 0.000000 -1.000000 0.000000 6141.dat
1 42 50.000000 -64.641040 -65.000000 0.866026 0.000000 0.500000 -0.500000 0.000000 0.866026 0.000000 -1.000000 0.000000 6141.dat
1 8 -30.000000 -74.600000 7.000000 1.000000 0.000000 0.000000 0.000000 1.000000 0.000000 0.000000 0.000000 1.000000 30194.dat
1 6 0.000000 -64.000000 97.000000 1.000000 0.000000 0.000000 0.000000 1.000000 0.000000 0.000000 0.000000 1.000000 42291.dat
1 6 0.000000 -128.000000 97.000000 1.000000 0.000000 0.000000 0.000000 1.000000 0.000000 0.000000 0.000000 1.000000 42284.dat
1 0 0.000000 -56.000000 97.000000 1.000000 0.000000 0.000000 0.000000 1.000000 0.000000 0.000000 0.000000 1.000000 3022.dat
1 42 0.000000 -64.000000 97.000000 1.000000 0.000000 0.000000 0.000000 1.000000 0.000000 0.000000 0.000000 1.000000 30385.dat
1 8 36.000000 -70.000010 7.000000 1.000000 0.000000 0.000000 0.000000 0.000000 -1.000000 0.000000 1.000000 0.000000 30304.dat
1 8 50.000000 -32.000000 97.000000 0.000000 0.000000 1.000000 0.000000 1.000000 0.000000 -1.000000 0.000000 0.000000 3475b.dat
1 8 -50.000000 -32.000000 97.000010 0.000000 0.000000 -1.000000 0.000000 1.000000 0.000000 1.000000 0.000000 0.000000 3475b.dat
0 NOFILE
